年月	股票代號	股票名稱	單月合併營收(千)	去年單月合併營收(千)	單月合併營收年成長(%)	單月合併營收月變動(%)	累計合併營收(千)	去年累計合併營收(千)	累計合併營收成長(%)	近三月合併營收(千)	近三月合併營收年成長(%)	近三月合併營收月變動(%)	近12月累計合併營收(千)	近12月營收合併成長(%)	預估年營收(千)	累計營收達成率(%)	單月營收(千)	去年單月營收(千)	單月營收年成長(%)	單月營收月變動(%)	累計營收(千)	去年累計營收(千)	累計營收成長(%)	近三月營收(千)	近三月營收年成長(%)	近三月營收月變動(%)	近12月累計營收(千)	近12月營收成長(%)	淨值(千)	資金貸放餘額(千)	資金貸放佔淨值比(%)	背書保證單月金額(千)	背書保證累計餘額(千)	背書保証累計餘額佔淨值比(%)	重要子公司本月營業收入淨額(千)	重要子公司本年累計營收淨額(千)	公告日	RTIME
200001	2317	鴻海															4502439	3129331	43.88	-19.51	4502439	3129331	43.88	15130331	22.95	-1.12	54545172	38.7	34771630								20000210	
200002	2317	鴻海															3722225	2855588	30.35	-17.33	8224664	5984919	37.42	13818203	28.12	-10.76	55411809	38.94	34771630								20000310	
200003	2317	鴻海															5950970	3708157	60.48	59.88	14175634	9693076	46.24	14175634	46.24	-12.4	57654622	40.5	36149699								20000410	
200004	2317	鴻海															5285382	3415870	54.73	-11.18	19461016	13108946	48.46	14958577	49.89	-1.14	59524134	42.81	36149699								20000510	
200005	2317	鴻海															5971729	4182347	42.78	12.99	25432745	17291293	47.08	17208081	52.2	24.53	61313516	42.34	36149699								20000610	
200006	2317	鴻海															7033144	4944098	42.25	17.77	32465889	22235391	46.01	18290255	45.83	29.03	63402562	40.43	37108596								20000710	
200007	2317	鴻海															6752489	5007616	34.84	-3.99	39218378	27243007	43.96	19757362	39.79	32.08	65147435	38.2	37108596								20000810	
200008	2317	鴻海															8746603	4851568	80.28	29.53	47964981	32094575	49.45	22532236	52.21	30.94	69042470	41.72	37108596								20000910	
200009	2317	鴻海															10945267	4895598	123.57	25.14	58910248	36990173	59.26	26444359	79.23	44.58	75092139	49.66	40420705								20001010	
200010	2317	鴻海															11333666	5553999	104.06	3.55	70243914	42544172	65.11	31025536	102.77	57.03	80871806	56.36	40420705								20001110	
200011	2317	鴻海															11038364	5034353	119.26	-2.61	81282278	47578525	70.84	33317297	115.17	47.87	86875817	65.86	40420705								20001210	
200012	2317	鴻海					97824041	58085952	68.41					68.41			10761491	5593539	92.39	-2.51	92043769	53172064	73.11	33133521	104.76	25.3	92043769	73.11	44250896								20010110	
200101	2317	鴻海															8204960	4502439	82.23	-23.76	8204960	4502439	82.23	30004815	98.31	-3.29	95746290	75.54	44250896								20010210	
200102	2317	鴻海															10078806	3722225	170.77	22.84	18283766	8224664	122.3	29045257	110.2	-12.82	102102871	84.26	44250896								20010310	
200103	2317	鴻海															12677561	5950970	113.03	25.78	30961327	14175634	118.41	30961327	118.41	-6.56	108829462	88.76	47162086								20010410	
200104	2317	鴻海															10201880	5285382	93.02	-19.53	41163207	19461016	111.52	32958247	120.33	9.84	113745960	91.09	47162086								20010510	
200105	2317	鴻海															9423168	5971729	57.8	-7.63	50586375	25432745	98.9	32302609	87.72	11.21	117197399	91.14	47162086								20010610	
200106	2317	鴻海															10974949	7033144	56.05	16.47	61561324	32465889	89.62	30599997	67.3	-1.17	121139204	91.06	47683479								20010710	
200107	2317	鴻海															11707112	6752489	73.37	6.67	73268436	39218378	86.82	32105229	62.5	-2.59	126093827	93.55	47683479								20010810	
200108	2317	鴻海															12602666	8746603	44.09	7.65	85871102	47964981	79.03	35284727	56.6	9.23	129949890	88.22	47683479								20010910	
200109	2317	鴻海															13820628	10945267	26.27	9.66	99691730	58910248	69.23	38130406	44.19	24.61	132825251	76.88	51491297								20011010	
200110	2317	鴻海															14478464	11333666	27.75	4.76	114170194	70243914	62.53	40901758	31.83	27.4	135970049	68.13	51491297			-862500	2587500	5.03			20011110	
200111	2317	鴻海															14562469	11038364	31.93	0.58	128732663	81282278	58.38	42861561	28.65	21.47	139494154	60.57	51491297			0	2587500	5.03			20011210	
200112	2317	鴻海					153893884	97824041	57.32					57.32			15528979	10761491	44.3	6.64	144261642	92043769	56.73	44569912	34.52	16.89	144261642	56.73	55621945			0	2587500	4.65			20020110	
200201	2317	鴻海															13251507	8204960	61.51	-14.67	13251507	8204960	61.51	43342955	44.45	5.97	149308189	55.94	55621945			-862500	1725000	3.1			20020210	
200202	2317	鴻海															13082610	10078806	29.8	-1.27	26334117	18283766	44.03	41863096	44.13	-2.33	152311993	49.18	55621945			0	1725000	3.1			20020310	
200203	2317	鴻海															16429458	12677561	29.59	25.58	42763575	30961327	38.12	42763575	38.12	-4.05	156063890	43.4	59469677			0	1725000	2.9			20020410	
200204	2317	鴻海															17450323	10201880	71.05	6.21	60213898	41163207	46.28	46962391	42.49	8.35	163312333	43.58	59469677			-862500	862500	1.45			20020510	
200205	2317	鴻海															18446897	9423168	95.76	5.71	78660795	50586375	55.5	52326678	61.99	24.99	172336062	47.05	59469677			0	862500	1.45			20020610	
200206	2317	鴻海															21676323	10974949	97.51	17.51	100337118	61561324	62.99	57573543	88.15	34.63	183037436	51.1	59937987			0	862500	1.44			20020710	
200207	2317	鴻海															21436878	11707112	83.11	-1.1	121773996	73268436	66.2	61560098	91.74	31.08	192767202	52.88	59937987			-862500					20020810	
200208	2317	鴻海															20010930	12602666	58.78	-6.65	141784926	85871102	65.11	63124131	78.9	20.63	200175466	54.04	59937987								20020910	
200209	2317	鴻海															22619608	13820628	63.67	13.04	164404534	99691730	64.91	64067416	68.02	11.28	208974446	57.33	65113022								20021010	
200210	2317	鴻海															23489283	14478464	62.24	3.84	187893817	114170194	64.57	66119821	61.66	7.41	217985265	60.32	65113022								20021110	
200211	2317	鴻海															28093468	14562469	92.92	19.6	215987285	128732663	67.78	74202359	73.12	17.55	231516264	65.97	65113022								20021210	
200212	2317	鴻海					257765852	153893884	67.5					67.5			29015099	15528979	86.84	3.28	245002384	144261642	69.83	80597850	80.83	25.8	245002384	69.83	69627503								20030110	
200301	2317	鴻海															21617963	13251507	63.14	-25.49	21617963	13251507	63.14	78726530	81.64	19.07	253368840	69.7	69627503								20030210	
200302	2317	鴻海															16821426	13082610	28.58	-22.19	38439389	26334117	45.97	67454488	61.13	-9.09	257107656	68.8	69627503								20030310	
200303	2317	鴻海															22115918	16429458	34.61	31.47	60555307	42763575	41.6	60555307	41.6	-24.87	262794116	68.39	74594412								20030410	
200304	2317	鴻海															20523532	17450324	17.61	-7.2	81078839	60213898	34.65	59460876	26.61	-24.47	265867325	62.8	74594412								20030510	
200305	2317	鴻海															18484936	18446896	0.21	-9.93	99563775	78660795	26.57	61124386	16.81	-9.38	265905364	54.29	74594412								20030610	
200306	2317	鴻海															22317440	21676324	2.96	20.73	121881215	100337118	21.47	61325908	6.52	1.27	266546481	45.62	76300816								20030710	
200307	2317	鴻海															28039485	21436878	30.8	25.64	149920700	121773996	23.11	68841861	11.83	15.78	273149088	41.7	76300816								20030810	
200308	2317	鴻海															33567761	20010930	67.75	19.72	183488461	141784926	29.41	83924686	32.95	37.3	286705919	43.23	76300816								20030910	
200309	2317	鴻海															36584888	22619608	61.74	8.99	220073349	164404534	33.86	98192134	53.26	60.12	300671199	43.88	82135442								20031010	
200310	2317	鴻海															37123162	23489284	58.04	1.47	257196511	187893817	36.88	107275811	62.24	55.83	314305078	44.19	82135442								20031110	
200311	2317	鴻海															35402896	28093468	26.02	-4.63	292599407	215987285	35.47	109110946	47.05	30.01	321614506	38.92	82135442								20031210	
200312	2317	鴻海					371466864	257765852	44.11					44.11			35307666	29015100	21.69	-0.27	327907073	245002384	33.84	107833724	33.79	9.82	327907073	33.84	88732758								20040110	
200401	2317	鴻海															25513401	21617964	18.02	-27.74	25513401	21617963	18.02	96223963	22.23	-10.3	331802511	30.96	88732758								20040210	
200402	2317	鴻海															25591915	16821426	52.14	0.31	51105316	38439389	32.95	86412982	28.11	-20.8	340573000	32.46	88732758								20040310	
200403	2317	鴻海															27321276	22115918	23.54	6.76	78426592	60555307	29.51	78426592	29.51	-27.27	345778358	31.58	93521622								20040410	
200404	2317	鴻海															29124363	20523532	41.91	6.6	107550955	81078839	32.65	82037554	37.97	-14.74	354379189	33.29	93521622						2470089	11935481	20040510	
200405	2317	鴻海															28015871	18484936	51.56	-3.81	135566826	99563775	36.16	84461510	38.18	-2.26	363910124	36.86	93521622						2856269	14769075	20040610	
200406	2317	鴻海					225041475										30488147	22317440	36.61	8.82	166054973	121881215	36.24	87628381	42.89	11.73	372080831	39.59	105758901			-1198105	67520	0.06	2951805	17808926	20040710	
200407	2317	鴻海															33020689	28039484	17.76	8.31	199075662	149920700	32.79	91524707	32.95	11.56	377062035	38.04	105758901			-67520			2990811	20888600	20040810	
200408	2317	鴻海															36441057	33567760	8.56	10.36	235516719	183488461	28.36	99949893	19.09	18.34	379935331	32.52	105758901						3837127	24972586	20040910	
200409	2317	鴻海															41105779	36584888	12.36	12.8	276622498	220073349	25.7	110567525	12.6	26.18	384456222	27.87	113929946						5127229	19955541	20041010	
200410	2317	鴻海															45112158	37123160	21.52	9.75	321734656	257196511	25.09	122658994	14.34	34.02	392445218	24.86	113929946						4752164	34679572	20041110	
200411	2317	鴻海															43660646	35402896	23.33	-3.22	365395302	292599407	24.88	129878583	19.03	29.94	400702968	24.59	113929946						5480975	39806363	20041210	
200412	2317	鴻海					541596904	371466864	45.8					45.8			47956469	35307664	35.82	9.84	413351771	327907073	26.06	136729273	26.8	23.66	413351771	26.06	120286712						6477392	42407763	20050110	
200501	2317	鴻海															44199384	25513401	73.24	-7.83	44199384	25513401	73.24	135816499	41.15	10.73	432037754	30.21	120286712						4067021	4067021	20050210	
200502	2317	鴻海															39591637	25591916	54.7	-10.42	83791021	51105316	63.96	131747490	52.46	1.44	446037476	30.97	120286712						4242574	8239595	20050310	
200503	2317	鴻海															50809548	27321276	85.97	28.33	134600569	78426592	71.63	134600569	71.63	-1.56	469525748	35.79	128398189						5009824	13249418	20050410	
200504	2317	鴻海															50005561	29124364	71.7	-1.58	184606130	107550955	71.65	140406746	71.15	3.38	490406946	38.38	128398189						3887913	11192236	20050510	
200505	2317	鴻海															44502279	28015872	58.85	-11.01	229108409	135566826	69	145317388	72.05	10.3	506893354	39.29	128398189								20050610	
200506	2317	鴻海					362711517	225041475	61.18								47204225	30488148	54.83	6.07	276312634	166054973	66.4	141712065	61.72	5.28	523609432	40.72	139328871						3529364	17127450	20050710	
200507	2317	鴻海															45679143	33020688	38.33	-3.23	321991777	199075662	61.74	137385647	50.11	-2.15	536267886	42.22	139328871						3190652	20318102	20050810	
200508	2317	鴻海															50695306	36441057	39.12	10.98	372687083	235516719	58.24	143578674	43.65	-1.2	550522135	44.9	139328871						3297686	23615788	20050910	
200509	2317	鴻海															68016512	41105779	65.47	34.17	440703595	276622498	59.32	164390961	48.68	16	577432868	50.19	160218069						3845236	27461024	20051010	
200510	2317	鴻海															78082050	45112158	73.08	14.8	518785645	321734656	61.25	196793868	60.44	43.24	610402760	55.54	160218069						4281655	31742679	20051110	
200511	2317	鴻海															73052676	43660646	67.32	-6.44	591838321	365395302	61.97	219151238	68.74	52.63	639794790	59.67	160218069						5429872	37172551	20051210	
200512	2317	鴻海					911773358	541596904	68.35					68.35			83818503	47956469	74.78	14.74	675656824	413351771	63.46	234953229	71.84	42.92	675656824	63.46	182142883						8471995	45644546	20060110	
200601	2317	鴻海															67170690	44199384	51.97	-19.86	67170690	44199384	51.97	224041869	64.96	13.85	698628130	61.71	182142883						3786379	3786379	20060210	
200602	2317	鴻海															50582636	39591637	27.76	-24.7	117753326	83791021	40.53	201571829	53	-8.02	709619129	59.09	182142883						1044899	4831278	20060310	
200603	2317	鴻海															56976226	50809548	12.14	12.64	174729552	134600569	29.81	174729552	29.81	-25.63	715785807	52.45	193975697						6745321	11576599	20060410	
200604	2317	鴻海															62091214	50005561	24.17	8.98	236820766	184606130	28.28	169650076	20.83	-24.28	727871460	48.42	193975697						4416323	15992922	20060510	
200605	2317	鴻海															57638952	44502279	29.52	-7.17	294459718	229108409	28.52	176706392	21.6	-12.34	741008133	46.19	193975697						4166338	20159260	20060610	
200606	2317	鴻海					533059585	362711517	46.97								66108309	47204225	40.05	14.69	360568027	276312634	30.49	185838475	31.14	6.36	759912217	45.13	192599563						4837528	24996788	20060710	
200607	2317	鴻海															69195341	45679143	51.48	4.67	429763368	321991777	33.47	192942602	40.44	13.73	783428415	46.09	192599563						5092077	30088865	20060810	
200608	2317	鴻海															71434009	50695304	40.91	3.24	501197377	372687083	34.48	206737659	43.99	17	804167118	46.07	192599563						5299890	35388755	20060910	
200609	2317	鴻海															88765462	68016512	30.51	24.26	589962839	440703595	33.87	229394812	39.54	23.44	824916068	42.86	210295182						6056612	41445367	20061010	
200610	2317	鴻海															91492644	78082048	17.18	3.07	681455483	518785645	31.36	251692115	27.9	30.45	838326662	37.34	210295182						6215057	47660424	20061110	
200611	2317	鴻海															92418450	73052672	26.51	1.01	773873933	591838321	30.76	272676556	24.42	31.89	857692436	34.06	210295182						7327960	54957495	20061210	
200612	2317	鴻海					1320375426	911773358	44.81					44.81			94411923	83818504	12.64	2.16	868285856	675656824	28.51	278323017	18.46	21.33	868285856	28.51	263159674						7400063	62357558	20070110	
200701	2317	鴻海															87609866	67170688	30.43	-7.2	87609866	67170690	30.43	274440239	22.5	9.04	888725032	27.21	263159674						6011672	6011672	20070210	
200702	2317	鴻海															71585225	50582636	41.52	-18.29	159195091	117753326	35.19	253607014	25.81	-6.99	909727621	28.2	263159674						4053561	10065233	20070310	
200703	2317	鴻海															87692679	56976224	53.91	22.5	246887770	174729552	41.3	246887770	41.3	-11.29	940444074	31.39	285816847						6314644	16379877	20070410	
200704	2317	鴻海															84531583	62091216	36.14	-3.6	331419353	236820766	39.95	243809487	43.71	-11.16	962884443	32.29	285816847						6991440	23371317	20070510	
200705	2317	鴻海															85138325	57638952	47.71	0.72	416557678	294459718	41.47	257362587	45.64	1.48	990383816	33.65	285816847						6308240	29679557	20070610	
200706	2317	鴻海					711256504	533059585	33.43								94112391	66108308	42.36	10.54	510670069	360568027	41.63	263782299	41.94	6.84	1018387898	34.01	305944573								20070710	
200707	2317	鴻海															96550330	69195344	39.53	2.59	607220399	429763368	41.29	275801046	42.94	13.12	1045742887	33.48	305944573						7568758	45159083	20070810	
200708	2317	鴻海															100367172	71434008	40.5	3.95	707587571	501197377	41.18	291029893	40.77	13.08	1074676050	33.64	305944573						6821084	51980167	20070910	
200709	2317	鴻海															115161406	88765464	29.74	14.74	822748977	589962839	39.46	312078908	36.04	18.31	1101071994	33.48	329507266						9366320	61346487	20071010	
200710	2317	鴻海															131169660	91492640	43.37	13.9	953918637	681455483	39.98	346698238	37.75	25.71	1140749010	36.07	329507266						12718748	74065235	20071110	
200711	2317	鴻海															133586568	92418450	44.55	1.84	1087505207	773873933	40.53	379917634	39.33	30.54	1181917128	37.8	329507266						9959656	84024891	20071210	
200712	2317	鴻海					1702663425	1320375426	28.95					28.95			149341832	94411920	58.18	11.79	1236847037	868285856	42.45	414098060	48.78	32.69	1236847037	42.45	350690651						9778384	93803275	20080110	
200801	2317	鴻海															105135678	87609866	20	-29.6	105135678	87609866	20	388064078	41.4	11.93	1254372849	41.14	350690651						7631113	7631113	20080210	
200802	2317	鴻海															92480842	71585225	29.19	-12.04	197616520	159195092	24.13	346958352	36.81	-8.68	1275268466	40.18	350690651						5791041	13422154	20080310	
200803	2317	鴻海					415195716										104203690	87692679	18.83	12.68	301820209	246887770	22.25	301820210	22.25	-27.11	1291779477	37.36	350427255						7345730	20767884	20080410	
200804	2317	鴻海															102865470	84531583	21.69	-1.28	404685680	331419353	22.11	299550002	22.86	-22.81	1310113364	36.06	350427255						7496208	28264092	20080512	
200805	2317	鴻海															103231456	85138325	21.25	0.36	507917136	416557678	21.93	310300616	20.57	-10.57	1328206495	34.11	350427255						7425971	35690063	20080610	
200806	2317	鴻海					811033260	711256504	14.03								107481619	94112391	14.21	4.12	615398755	510670069	20.51	313578545	18.88	3.9	1341575723	31.74	336428112						8794023	44484086	20080710	
200807	2317	鴻海															130271809	96550330	34.93	21.2	745670564	607220400	22.8	340984884	23.63	13.83	1375297202	31.51	336428112			31480560	31480560	9.36	8668878	53152964	20080808	
200808	2317	鴻海															143570491	100367172	43.05	10.21	889241056	707587572	25.67	381323919	31.03	22.89	1418500521	31.99	336428112			1095030	32575590	9.68	8758267	61911231	20080910	
200809	2317	鴻海					1384621923										157372024	115161406	36.65	9.61	1046613079	822748978	27.21	431214324	38.17	37.51	1460711139	32.66	363499383			590985	33166575	9.12	19055773	80967004	20081007	
200810	2317	鴻海															169378892	131169660	29.13	7.63	1215991971	953918638	27.47	470321407	35.66	37.93	1498920371	31.4	363499383			1437615	34604190	9.52	9497380	90464384	20081110	
200811	2317	鴻海															134898242	133586568	0.98	-20.36	1350890212	1087505207	24.22	461649158	21.51	21.06	1500232045	26.93	363499383			-196650	34407540		9525015	99989399	20081211	
200812	2317	鴻海					1950481361	1702663425	14.55					14.55			122152793	149341832	-18.21	-9.45	1473043005	1236847039	19.1	426429927	2.98	-1.11	1473043006	19.1	361166847			-289800	34117740		11020308	111009707	20090110	
200901	2317	鴻海															92395325	105135678	-12.12	-24.36	92395325	105135678	-12.12	349446360	-9.95	-25.7	1460302653	16.42	361166847			300150	34417890	9.53	6618493	6618493	20090210	123563889
200902	2317	鴻海															82728252	92480842	-10.55	-10.46	175123577	197616520	-11.38	297276370	-14.32	-35.61	1450550063	13.74	361166847			1607355	36025245	9.97	7733979	14352472	20090310	123563989
200903	2317	鴻海					378329472	415195712	-8.88	378329472	-8.88						102874819	104203690	-1.28	24.35	277998400	301803456	-7.89	277998400	-7.89	-34.81	1449221192	12.19	381070208			-1069155	34956090	9.17	8882029	23234501	20090410	123564074
200904	2317	鴻海															94407566	102865470	-8.22	-8.23	372405961	404685680	-7.98	280010637	-6.52	-19.87	1440763288	9.97	381070208			-108675	34847415	9.14	8857534	32092035	20090511	123564149
200905	2317	鴻海															91669175	103231456	-11.2	-2.9	464075136	507917136	-8.63	288951560	-6.88	-2.8	1429201007	7.6	381070208			-1079505	33767910	8.86	8123804	40215839	20090610	123380113
200906	2317	鴻海					812102514	811033260	0.13								128007385	107481619	19.1	39.64	592082496	615382016	-3.79	314084126	0.16	12.98	1449726773	8.06	393364992			301185	34069095	8.66	7995337	46925301	20090710	123380173
200907	2317	鴻海															128159946	130271809	-1.62	0.12	720242467	745670564	-3.41	347836506	2.01	24.22	1447614910	5.26	393364992			-189405	33879690	8.61	9955906	57271884	20090810	123380280
200908	2317	鴻海															108244290	143570491	-24.61	-15.54	828486757	889241056	-6.83	364411621	-4.44	26.12	1412288709	-0.44	393364992			190440	34070130	8.66	11271263	68543147	20090910	123380388
200909	2317	鴻海					1350418816	1384621952	-2.47								149438869	157372024	-5.04	38.06	977925632	1046596352	-6.56	385843105	-10.52	22.85	1404355554	-3.86	412277792			-465750	33604380	8.15	12176119	80719266	20091012	123380499
200910	2317	鴻海															162133193	169378892	-4.28	8.49	1140058819	1215991971	-6.24	419816352	-10.74	20.69	1397109855	-6.79	412277792			-76590	33527790	8.13	8023163	88742429	20091110	123380613
200911	2317	鴻海															147392102	134898242	9.26	-9.09	1287450921	1350890212	-4.7	458964164	-0.58	25.95	1409603715	-6.04	412277792			-204930	33322860	8.08	11415532	100157961	20091210	123380729
200912	2317	鴻海					1959182385	1950481361	0.45				1959182385	0.45			133122131	122152793	8.98	-9.68	1420573052	1473026282	-3.56	442647426	3.8	14.72	1420573052	-3.56	439855454			67275	33390135	7.59	10148165	110306126	20100111	123380829
201001	2317	鴻海															136337191	92395325	47.56	2.42	136337191	92395325	47.56	416851424	19.29	-0.71	1464514919	0.29	439855454			-285660	33104475	7.53	7507401	7507401	20100210	123380882
201002	2317	鴻海															121469131	82728252	46.83	-10.91	257806322	175123577	47.21	390928453	31.5	-14.82	1503255798	3.63	439855454			57960	33162435	7.54	6296868	13804269	20100310	123381004
201003	2317	鴻海					544370051	378329458	43.89	544370051	43.89						156966787	102874819	52.58	29.22	414773108	277998396	49.2	414773108	49.2	-6.3	1557347766	7.46	456028800			-188370	32974065	7.23	7846853	21651122	20100412	123381124
201004	2317	鴻海															153858517	94407566	62.97	-1.98	568631625	372405961	52.69	432294435	54.39	3.7	1616798717	12.22	456028800			-472995	32501070	7.13			20100510	123381235
201005	2317	鴻海															163262344	91669175	78.1	6.11	731893969	464075136	57.71	474087648	64.07	21.27	1688391886	18.14	456028800	0	0	800055	33301125	7.3			20100618	123381364
201006	2317	鴻海					1198358939	812102514	47.56								197414420	128007385	54.22	20.92	929308389	592082521	56.96	514535281	63.82	24.05	1757798921	21.25	459842228	0	0	0	33301125	7.24			20100712	123381493
201007	2317	鴻海															196166111	128159946	53.06	-0.63	1125474500	720242467	56.26	556842875	60.09	28.81	1825805086	26.13	459842228	17509494	3.81	-108675	33192450	7.22			20100811	123381626
201008	2317	鴻海															214805140	108244290	98.44	9.5	1340279640	828486757	61.77	608385671	66.95	28.33	1932365936	36.83	459842228	17167917	3.73	-55890	33136560	7.21			20100910	123381758
201009	2317	鴻海					2045071236	1350418865	51.44								253476104	149438869	69.62	18	1593755745	977925626	62.97	664447355	72.21	29.14	2036403171	45.01	479959468	17928301	3.74	1507415	34643975	7.22			20101007	123381891
201010	2317	鴻海															242909232	162133193	49.82	-4.17	1836664976	1140058819	61.1	711190476	69.41	27.72	2117179210	51.54	479959468	0	0	16717026	51361001	10.7			20101110	123382029
201011	2317	鴻海															231780610	147392102	57.25	-4.58	2068445587	1287450921	60.66	728165946	58.65	19.69	2201567718	56.18	479959468	0	0	8805049	60166050	12.54			20101210	123382166
201012	2317	鴻海					2997205316	1959182385	52.98				2997205316	52.98			244683538	133122131	83.8	5.57	2313129125	1420573052	62.83	719373380	62.52	8.27	2313129125	62.83	480592756	0	0	-2779557	57386493	11.94			20110110	123382286
201101	2317	鴻海															186234120	136337191	36.6	-23.89	186234120	136337191	36.6	662698268	58.98	-6.82	2363026054	61.35	480592756	0	0	0	57386493	11.94			20110210	123382352
201102	2317	鴻海															152878333	121469131	25.86	-17.91	339112452	257806322	31.54	583795991	49.34	-19.83	2394435256	59.28	480592756	0	0	2646502	60032995	12.49			20110310	123382496
201103	2317	鴻海					729258841	544370051	33.96	729258841	33.96						214899498	156966787	36.91	40.57	554011950	414773108	33.57	554011950	33.57	-22.99	2452367967	57.47	496725952	0	0	16397	60049392	12.09			20110408	123382635
201104	2317	鴻海															204940425	153858517	33.2	-4.63	758952375	568631625	33.47	572718256	32.48	-13.58	2503449875	54.84	496725952	0	0	-186369	59863023	12.05			20110510	123382764
201105	2317	鴻海															200561272	163262344	22.85	-2.14	959513648	731893969	31.1	620401195	30.86	6.27	2540748803	50.48	496725952	0	0	-841184	59021839	11.88			20110610	123382911
201106	2317	鴻海					1515196651	1198358939	26.44								228400770	197414420	15.7	13.88	1187914418	929308389	27.83	633902467	23.2	14.42	2571735153	46.3	498218627	0	0	377523	59399362	11.92			20110708	123383059
201107	2317	鴻海															229449899	196166111	16.97	0.46	1417364316	1125474500	25.93	658411941	18.24	14.96	2605018941	42.68	498218627	0	0	-184942	59214420	11.89			20110810	123383210
201108	2317	鴻海															214430246	214805140	-0.17	-6.55	1631794562	1340279640	21.75	672280915	10.5	8.36	2604644047	34.79	498218627	0	0	-3035135	56179285	11.28			20110909	123383361
201109	2317	鴻海					2378489617	2045071236	16.3								221780206	253476104	-12.5	3.43	1853574768	1593755745	16.3	665660351	0.18	5.01	2572948149	26.35	543040964	0	0	2719149	58898434	10.85			20111007	123383747
201110	2317	鴻海															295542734	242909232	21.67	33.26	2149117502	1836664976	17.01	731753186	2.89	11.14	2625581651	24.01	543040964	0	0	-4332044	54566390	10.05			20111110	123383901
201111	2317	鴻海															307196126	231780610	32.54	3.94	2456313628	2068445587	18.75	824519066	13.23	22.65	2700997167	22.69	543040964	0	0	-1159985	53406405	9.83			20111209	123384057
201112	2317	鴻海					3452681273	2997205316	15.2				3452681273	15.2			316944287	244683538	29.53	3.17	2773311378	2313129125	19.89	919683147	27.85	38.16	2773311378	19.89	577831688	0	0	-6922411	46483994	8.04			20120110	123384194
201201	2317	鴻海	341478408				341478408										274663333	186234120	47.48	-13.34	274663333	186234120	47.48	898803746	35.63	22.83	2861687129	21.1	577831688	0	0	-382128	46101866	7.98			20120210	93531878
201202	2317	鴻海	301753301			-11.63	643231709										236551454	152878333	54.73	-13.88	511214788	339112452	50.75	828159074	41.86	0.44	2945360250	23.01	577831688	0	0	-41231	46060635	7.97			20120309	93532384
201203	2317	鴻海	358053951			18.66	1001285660	729258841	37.3	1001285660	37.3						278728101	214899498	29.7	17.83	789942889	554011950	42.59	789942889	42.59	-14.11	3009188853	22.71	581426669	0	0	-5371825	40688810	7			20120410	93533065
201204	2317	鴻海	307370000			-14.16	1308655660			967177252							251736194	204940425	22.83	-9.68	1041679083	758952375	37.25	767015749	33.93	-14.66	3055984622	22.07	581426669	0	0	-535673	40153137	6.91			20120510	93533577
201205	2317	鴻海	294369051			-4.23	1603024711			959793002							241088217	200561272	20.21	-4.23	1282767300	959513648	33.69	771552512	24.36	-6.84	3096511567	21.87	581426669	0	0	-418439	39734698	6.83			20120608	93533828
201206	2317	鴻海	290178100			-1.42	1893202811	1515196651	24.95	891917151		-10.92					236829407	228400770	3.69	-1.77	1520080306	1187914418	27.96	729653818	15.11	-7.63	3104940204	20.73	584951017	0	0	4339774	44074472	7.53			20120710	93534099
201207	2317	鴻海	305302500			5.21	2198505311			889849651		-8					248694832	229449899	8.39	5.01	1768291538	1417364316	24.76	726612456	10.36	-5.27	3124185137	19.93	584951017	0	0	83555	44158027	7.55			20120810	95169627
201208	2317	鴻海	273446558			-10.43	2471951869			868927158		-9.47					222312278	214430246	3.68	-10.61	1990603816	1631794562	21.99	707836517	5.29	-8.26	3132067169	20.25	584951017	0	0	127030	44285057	7.57			20120910	98362162
201209	2317	鴻海	295693156			8.14	2767645025	2378489617	16.36	874442214		-1.96					240536665	221780206	8.46	8.2	2231140481	1853574768	20.37	711543775	6.89	-2.48	3150823628	22.46	605434236	0	0	55851277	100136334	16.54			20121009	101267538
201210	2317	鴻海	338161616			14.36	3105806641			907301330		1.96					275702457	295542734	-6.71	14.62	2506842938	2149117502	16.65	738551400	0.93	1.64	3130983351	19.25	605434236	0	0	6060569	106196903	17.54			20121109	104333495
201211	2317	鴻海	386589205			14.32	3492395846			1020443977		17.44					351733052	307196126	14.5	27.58	2858575989	2456313628	16.38	867972174	5.27	22.62	3175520277	17.57	605434236	0	0	-940426	105256477	17.39			20121210	107469381
201212	2317	鴻海	412999476			6.83	3905395322	3452681273	13.11	1137750297		30.11	3905395322	13.11			360944136	316944287	13.88	2.62	3218928395	2773311378	16.07	988379645	7.47	38.91	3218928395	16.07	646532187	0	0	-829492	104426985	16.15	0	0	20130110	123386042
201301	2317	鴻海	313527033	341478408	-8.19	-24.09	313527033	341478408	-8.19	1113115714		22.68	3877443947				313527033	341478408	-8.19	-13.14	313527033	341478408	-8.19	1026204221	14.17	38.95	3258383826	13.86	646532187	0	0	862956	105289941	16.29			20130207	123386127
201302	2317	鴻海	235059730	301753301	-22.1	-25.03	548586763	643231709	-14.71	961586239		-5.77	3810750376				235059730	301753301	-22.1	-25.03	548586763	643231709	-14.71	909530899	9.83	4.79	3256892102	10.58	646532187	0	0	-84168	105205773	16.27			20130308	123386297
201303	2317	鴻海	260382567	358053951	-27.28	10.77	809011951	1001285660	-19.21	809011951	-19.21	-28.89	3713078992				260382567	358053951	-27.28	10.77	809011951	1001285660	-19.21	809011951	-19.2	-18.15	3238546568	7.62	678517673	0	0	4116874	109322647	16.11			20130410	119562259
201304	2317	鴻海	291758983	307370000	-5.08	12.05	1100728314	1308655660	-15.89	787201280	-18.61	-29.28	3697467975				291758983	307370000	-5.08	12.05	1100728314	1308655660	-15.89	787201280	2.63	-23.29	3278569357	7.28	678517673	0	0	-4916515	104406132	15.39			20130510	122460445
201305	2317	鴻海	300471866	294369051	2.07	2.99	1401200179	1603024711	-12.59	852613416	-11.17	-11.33	3703570790				300471866	294369051	2.07	2.99	1401200179	1603024711	-12.59	852613416	10.51	-6.26	3337953006	7.8	678517673	0	0	23064598	127470730	18.79			20130610	125661338
201306	2317	鴻海	304636671	290178100	4.98	1.39	1704629448	1893202811	-9.96	896867520	0.56	10.87	3718029361				304636671	290178100	4.98	1.39	1704629448	1893202811	-9.96	896867520	22.92	10.87	3405760270	9.69	690753898	0	0	-3864914	123605816	17.89			20130710	125661343
201307	2317	鴻海	300252609	305302500	-1.65	-1.44	2006089459	2198505311	-8.75	905361146	1.74	15.01	3712979470				300252609	305302500	-1.65	-1.44	2006089459	2198505311	-8.75	905361146	24.6	15.01	3457318047	10.66	690753898	0	0	-100633	123505183	17.88			20130809	125661348
201308	2317	鴻海	280428415	273446558	2.55	-6.6	2286517874	2471951869	-7.5	885317695	1.89	3.84	3719961327				280428415	273446558	2.55	-6.6	2286517874	2471951869	-7.5	885317695	25.07	3.84	3515434184	12.24	690753898	0	0	-4946937	118558246	17.16			20130910	125661353
201309	2317	鴻海	337862387	295693156	14.26	20.48	2623930666	2767645025	-5.19	918543411	5.04	2.42	3762130558				337862387	295693156	14.26	20.48	2623930666	2767645025	-5.19	918543411	29.09	2.42	3612759906	14.66	714856683	0	0	-5106446	113451800	15.87			20131009	125661359
201310	2317	鴻海	382620610	338161616	13.15	13.25	3007000871	3105806641	-3.18	1000911412	10.32	10.55	3806589552				382620610	338161616	13.15	13.25	3007000871	3105806641	-3.18	1000911412	35.52	10.55	3719678059	18.8	714856683	0	0	-1567569	111884231	15.65			20131108	125661365
201311	2317	鴻海	456186788	386589205	18	19.23	3463187660	3492395846	-0.84	1176669785	15.31	32.91	3876187135				456186788	386589205	18	19.23	3463187660	3492395846	-0.84	1176669785	35.57	32.91	3824131795	20.43	714856683	3000000	0.42	1125266	113009497	15.81			20131210	125661371
201312	2317	鴻海	490931771	412999476	18.87	7.62	3952317540	3905395322	1.2	1329739169	16.87	44.77	3952317540	1.2			490931771	412999476	18.87	7.62	3952317540	3905395322	1.2	1329739169	34.54	44.77	3952317540	1.2	764670066	3000000	0.39	1055798	114065295	14.92			20140110	125661377
201401	2317	鴻海	314551279	313527033	0.33	-35.93	314551279	313527033	0.33	1261669838	13.35	26.05	3955143676	2			314551279	313527033	0.33	-35.93	314551279	313527033	0.33	1261669838	22.95	26.05	3955143676	21.38	764670066	3000000	0.39	971974	115037269	15.04			20140210	125661380
201402	2317	鴻海	260625536	235059730	10.88	-17.14	575176815	548586763	4.85	1066108586	10.87	-9.4	3980709482	4.46			260625536	235059730	10.88	-17.14	575176815	548586763	4.85	1066108586	17.22	-9.4	3980709482	22.22	764670066	3000000	0.39	866437	115903706	15.16			20140310	125661386
201403	2317	鴻海	307819243	260382567	18.22	18.11	883479325	809011951	9.2	883479325	9.2	-33.56	4028146158	8.49			307819243	260382567	18.22	18.11	883479325	809011951	9.2	883479325	9.2	-33.56	4028146158	24.38	788967032	3000000	0.39	-682772	115220934	14.6			20140410	125661393
201404	2317	鴻海	294441622	291758983	0.92	-4.35	1177437680	1100728314	6.97	862886401	9.61	-31.61	4030828797	9.02			294441622	291758983	0.92	-4.35	1177437680	1100728314	6.97	862886401	9.61	-31.61	4030828797	22.94	788967032	3000000	0.39	-1123396	114097538	14.46			20140509	125661398
201405	2317	鴻海	267966271	300471866	-10.82	-8.99	1445403951	1401200179	3.15	870227136	2.07	-18.37	3998323202	7.96			267966271	300471866	-10.82	-8.99	1445403951	1401200179	3.15	870227136	2.07	-18.37	3998323202	19.78	788967032	10000000	1.27	-1978859	112118679	14.21			20140610	125667579
201406	2317	鴻海	316993273	304636671	4.06	18.3	1762573637	1704629448	3.4	879401166	-1.95	-0.46	4010679804	7.87			316993273	304636671	4.06	18.3	1762573637	1704629448	3.4	879401166	-1.95	-0.46	4010679804	17.76	791540408	10000000	1.27	-438685	111679994	14.11			20140710	134863100
201407	2317	鴻海	260217686	300252609	-13.33	-17.91	2022614911	2006089459	0.82	845177230	-6.65	-2.05	3970644881	6.94			260217686	300252609	-13.33	-17.91	2022614911	2006089459	0.82	845177230	-6.65	-2.05	3970644881	14.85	791540408	10000000	1.27	-70516	111609478	14.1			20140808	134863109
201408	2317	鴻海	275084930	280428415	-1.91	5.71	2297699841	2286517874	0.49	852295889	-3.73	-2.06	3965301396	6.6			275084930	280428415	-1.91	5.71	2297699841	2286517874	0.49	852295889	-3.73	-2.06	3965301396	12.8	791540408	10000000	1.26	-662361	110947117	14.02			20140910	134863115
201409	2317	鴻海	415412293	337862387	22.95	51.01	2713067658	2623930666	3.38	950714909	3.5	8.11	4042851302	7.46			415412293	337862387	22.95	51.01	2713067658	2623930666	3.38	950714909	3.5	8.11	4042851302	11.9	861001797	13000000	1.51	6698818	117645935	13.66			20141009	143236872
201410	2317	鴻海	468999424	382620610	22.58	12.9	3182111558	3007000871	5.82	1159496647	15.84	37.19	4129230116	8.48			468999424	382620610	22.58	12.9	3182111558	3007000871	5.82	1159496647	15.84	37.19	4129230116	11.01	861001797	5980000	0.69	-332884	117313051	13.63			20141110	143963049
201411	2317	鴻海	514793265	456186788	12.85	9.76	3696904823	3463187659	6.75	1399204982	18.91	64.17	4187836593	8.04			514793265	456186788	12.85	9.76	3696904823	3463187659	6.75	1399204982	18.91	64.17	4187836593	9.51	861001797	0	0	53687496	171000547	19.86			20141210	143963056
201412	2317	鴻海	515569088	490931771	5.02	0.15	4213172321	3952317540	6.6	1499361777	12.76	57.71	4213172321	6.6			515569088	490931771	5.02	0.15	4213172321	3952317540	6.6	1499361777	12.76	57.71	4213172321	6.6	930231233	0	0	4368810	175369357	18.85			20150109	156063173
201501	2317	鴻海	396005475	314551279	25.9	-23.19	396005475	314551279	25.9	1426367828	13.05	23.02	4293928106	8.57			396005475	314551279	25.9	-23.19	396005475	314551279	25.9	1426367828	13.05	23.02	4293928106	8.57	930231233	0	0	-2569668	172799689	18.58			20150210	156063180
201502	2317	鴻海	280021542	260625536	7.44	-29.29	676027018	575176815	17.53	1191596105	11.77	-14.84	4313324112	8.36			280021542	260625536	7.44	-29.29	676027018	575176815	17.53	1191596105	11.77	-14.84	4313324112	8.36	930231233	0	0	76407	172876096	18.58			20150310	156063188
201503	2317	鴻海	338297389	307819243	9.9	20.81	1014122421	883479325	14.79	1014122421	14.79	-32.35	4343802258	7.84			338297389	307819243	9.9	20.81	1014122421	883479325	14.79	1014122421	14.79	-32.35	4343802258	7.84	946111968	0	0	-1207930	171668166	18.14			20150410	162163158
201504	2317	鴻海	352467560	294441622	19.71	4.19	1366791966	1177437680	16.08	970786491	12.5	-31.94	4401828196	9.2			352467560	294441622	19.71	4.19	1366791966	1177437680	16.08	970786491	12.5	-31.94	4401828196	9.2	946111968	0	0	-4218990	167449176	17.7			20150508	162163167
201505	2317	鴻海	301599386	267966271	12.55	-14.43	1668391352	1445403951	15.43	992364335	14.04	-16.72	4435461311	10.93			301599386	267966271	12.55	-14.43	1668391352	1445403951	15.43	992364335	14.04	-16.72	4435461311	10.93	946111968	0	0	469336	167918512	17.75			20150610	162163175
201506	2317	鴻海	318555965	316993273	0.49	5.62	1986830642	1762573637	12.74	972622911	10.6	-4.09	4437024003	10.63			318555965	316993273	0.49	5.62	1986830642	1762573637	12.74	972622911	10.6	-4.09	4437024003	10.63	917732883	0	0	1315749	169234261	18.44			20150709	171363148
201507	2317	鴻海	312192660	260217686	19.97	-2	2299139977	2022614911	13.67	932348011	10.31	-3.96	4488998977	13.05			312192660	260217686	19.97	-2	2299139977	2022614911	13.67	932348011	10.31	-3.96	4488998977	13.05	917732883	0	0	2508570	171742831	18.71			20150810	171363157
201508	2317	鴻海	292915013	275084930	6.48	-6.17	2592054990	2297699841	12.81	923663638	8.37	-6.92	4506829060	13.66			292915013	275084930	6.48	-6.17	2592054990	2297699841	12.81	923663638	8.37	-6.92	4506829060	13.66	917732883	0	0	1411017	173153848	18.87			20150910	171373892
201509	2317	鴻海	460903278	415412293	10.95	57.35	3052432520	2713067658	12.53	1066010951	12.13	9.6	4552320045	12.6			460903278	415412293	10.95	57.35	3052432520	2713067658	12.53	1066010951	12.13	9.6	4552320045	12.6	970885550	0	0	3945153	177099001	18.24			20151008	180463149
201510	2317	鴻海	502963649	468999424	7.24	9.13	3555921918	3182111558	11.75	1256781940	8.39	34.8	4586284270	11.07			502963649	468999424	7.24	9.13	3555921918	3182111558	11.75	1256781940	8.39	34.8	4586284270	11.07	970885550	0	0	-6851057	170247944	17.54			20151110	180463158
201511	2317	鴻海	517519561	514793265	0.53	2.89	4073441479	3696904823	10.19	1481386488	5.87	60.38	4589010566	9.58			517519561	514793265	0.53	2.89	4073441479	3696904823	10.19	1481386488	5.87	60.38	4589010566	9.58	970885550	0	0	-703628	169544316	17.46			20151210	180464969
201512	2317	鴻海	409654099	515569088	-20.54	-20.84	4482145967	4213172321	6.38	1430137309	-4.62	34.16	4482145967	6.38			409654099	515569088	-20.54	-20.84	4482145967	4213172321	6.38	1430137309	-4.62	34.16	4482145967	6.38	1007629838	0	0	566895	170111211	16.88			20160108	192470331
201601	2317	鴻海	337605177	396005475	-14.75	-17.59	337605177	396005475	-14.75	1264778837	-11.33	0.64	4424695279	3.05			337605177	396005475	-14.75	-17.59	337605177	396005475	-14.75	1264778837	-11.33	0.64	4424695279	3.05	1007629838	0	0	3593292	173704503	17.24			20160205	192470334
201602	2317	鴻海	280647668	280021542	0.22	-16.87	618252845	676027018	-8.55	1027906944	-13.74	-30.61	4425321405	2.6			280647668	280021542	0.22	-16.87	618252845	676027018	-8.55	1027906944	-13.74	-30.61	4425321405	2.6	1007629838	0	0	-4012306	169692197	16.84			20160310	192470335
201603	2317	鴻海	339621426	338297389	0.39	21.01	958009217	1014122421	-5.53	958009217	-5.53	-33.02	4426645442	1.91			339621426	338297389	0.39	21.01	958009217	1014122421	-5.53	958009217	-5.53	-33.02	4426645442	1.91	1026255859	0	0	-4161088	165531109	16.13			20160408	198563211
201604	2317	鴻海	322388621	352467560	-8.53	-5.07	1280262892	1366791966	-6.33	942657715	-2.9	-25.47	4396566503	-0.12			322388621	352467560	-8.53	-5.07	1280262892	1366791966	-6.33	942657715	-2.9	-25.47	4396566503	-0.12	1026255859	0	0	-425833	165105276	16.09			20160510	198563222
201605	2317	鴻海	295411010	301599386	-2.05	-8.37	1575673902	1668391352	-5.56	957421057	-3.52	-6.86	4390378127	-1.02			295411010	301599386	-2.05	-8.37	1575673902	1668391352	-5.56	957421057	-3.52	-6.86	4390378127	-1.02	1026255859	0	0	5753495	170858771	16.65			20160608	198563231
201606	2317	鴻海	305011247	318555965	-4.25	3.25	1880146138	1986830642	-5.37	922810878	-5.12	-3.67	4376833409	-1.36			305011247	318555965	-4.25	3.25	1880146138	1986830642	-5.37	922810878	-5.12	-3.67	4376833409	-1.36	974171953	0	0	-6289318	164569453	16.89			20160711	207966903
201607	2317	鴻海	293000389	312192660	-6.15	-3.94	2173685538	2299139977	-5.46	893422646	-4.17	-5.22	4357641138	-2.93			293000389	312192660	-6.15	-3.94	2173685538	2299139977	-5.46	893422646	-4.17	-5.22	4357641138	-2.93	974171953	0	0	-1959351	162610102	16.69			20160810	207966908
201608	2317	鴻海	312697365	292915013	6.75	6.72	2486382903	2592054990	-4.08	910709001	-1.4	-4.88	4377423490	-2.87			312697365	292915013	6.75	6.72	2486382903	2592054990	-4.08	910709001	-1.4	-4.88	4377423490	-2.87	974171953	0	0	-1244370	161365732	16.56			20160910	207966911
201609	2317	鴻海	468361676	460903278	1.62	49.78	2955494349	3052432520	-3.18	1074059430	0.76	16.39	4384881888	-3.68			468361676	460903278	1.62	49.78	2955494349	3052432520	-3.18	1074059430	0.76	16.39	4384881888	-3.68	992507259	0	0	-1849240	159516492	16.07			20161011	216970332
201610	2317	鴻海	471933062	502963649	-6.17	0.76	3426677641	3555921918	-3.63	1252992103	-0.3	40.25	4353851301	-5.07			471933062	502963649	-6.17	0.76	3426677641	3555921918	-3.63	1252992103	-0.3	40.25	4353851301	-5.07	992507259	0	0	934718	160451210	16.17			20161110	216970336
201611	2317	鴻海	480671537	517519561	-7.12	1.85	3907349178	4073441479	-4.08	1420966275	-4.08	56.03	4317003277	-5.93			480671537	517519561	-7.12	1.85	3907349178	4073441479	-4.08	1420966275	-4.08	56.03	4317003277	-5.93	992507259	0	0	506385	160957595	16.22			20161209	216970336
201612	2317	鴻海	449639072	409654099	9.76	-6.46	4358733357	4482145967	-2.75	1402243671	-1.95	30.56	4358733357	-2.75			449639072	409654099	9.76	-6.46	4358733357	4482145967	-2.75	1402243671	-1.95	30.56	4358733357	-2.75	1078749394	0	0	2226613	163184208	15.13			20170110	229168583
201701	2317	鴻海	345331557	337605177	2.29	-23.2	345331557	337605177	2.29	1275642166	0.86	1.81	4364714630	-1.36			345331557	337605177	2.29	-23.2	345331557	337605177	2.29	1275642166	0.86	1.81	4364714630	-1.36	1078749394	0	0	-642020	162542188	15.07			20170210	229168587
201702	2317	鴻海	289580345	280647668	3.18	-16.14	634911902	618252845	2.69	1084550974	5.51	-23.68	4373647307	-1.17			289580345	280647668	3.18	-16.14	634911902	618252845	2.69	1084550974	5.51	-23.68	4373647307	-1.17	1078749394	0	0	-4204265	158337923	14.68			20170310	229168591
201703	2317	鴻海	341690438	339621426	0.61	18	975043856	958009217	1.78	975043856	1.78	-30.47	4375716319	-1.15			341690438	339621426	0.61	18	975043856	958009217	1.78	975043856	1.78	-30.47	4375716319	-1.15	1112190938	0	0	-2073225	156264698	14.05			20170410	235177576
201704	2317	鴻海	322787873	322388621	0.12	-5.53	1299390213	1280262892	1.49	954058656	1.21	-25.21	4376115571	-0.47			322787873	322388621	0.12	-5.53	1299390213	1280262892	1.49	954058656	1.21	-25.21	4376115571	-0.47	1112190938	0	0	-780610	155484088	13.98			20170510	235177580
201705	2317	鴻海	279845611	295411010	-5.27	-13.3	1579235824	1575673902	0.23	944323922	-1.37	-12.93	4360550172	-0.68			279845611	295411010	-5.27	-13.3	1579235824	1575673902	0.23	944323922	-1.37	-12.93	4360550172	-0.68	1112190938	0	0	41327961	196812049	17.7			20170609	235177580
201706	2317	鴻海	315139646	305011247	3.32	12.61	1897456321	1880146138	0.92	917773130	-0.55	-5.87	4370678571	-0.14			315139646	305011247	3.32	12.61	1897456321	1880146138	0.92	917773130	-0.55	-5.87	4370678571	-0.14	1060188731	0	0	2039218	198851267	18.76			20170710	243552553
201707	2317	鴻海	315057364	293000389	7.53	-0.03	2209432834	2173685538	1.64	910042621	1.86	-4.61	4392735546	0.81			315057364	293000389	7.53	-0.03	2209432834	2173685538	1.64	910042621	1.86	-4.61	4392735546	0.81	1060188731	0	0	-1278677	197572590	18.64			20170810	244272248
201708	2317	鴻海	316793293	312697365	1.31	0.55	2526226127	2486382903	1.6	946990303	3.98	0.28	4396831474	0.44			316793293	312697365	1.31	0.55	2526226127	2486382903	1.6	946990303	3.98	0.28	4396831474	0.44	1060188731	0	0	-8550284	189022306	17.83			20170908	244273905
201709	2317	鴻海	451040000	468361676	-3.7	42.38	2976347954	2955494349	0.71	1082890657	0.82	17.99	4379509798	-0.12			451040000	468361676	-3.7	42.38	2976347954	2955494349	0.71	1082890657	0.82	17.99	4379509798	-0.12	1069962720	0	0	219277	189241583	17.69			20171011	251137071
201710	2317	鴻海	485457987	471933062	2.87	7.63	3462724114	3426677641	1.05	1253291280	0.02	37.72	4393034723	0.9			485457987	471933062	2.87	7.63	3462724114	3426677641	1.05	1253291280	0.02	37.72	4393034723	0.9	1069962720	0	0	-1308021	187933562	17.56			20171110	253364998
201711	2317	鴻海	569599639	480671537	18.5	17.33	4032323753	3907349178	3.2	1506097626	5.99	59.04	4481962825	3.82			569599639	480671537	18.5	17.33	4032323753	3907349178	3.2	1506097626	5.99	59.04	4481962825	3.82	1069962720	0	0	32740837	220674399	20.62			20171208	253642678
201712	2317	鴻海	675141430	449639072	50.15	18.53	4706736096	4358733357	7.98	1730199056	23.39	59.78	4706736096	7.98			675141430	449639072	50.15	18.53	4706736096	4358733357	7.98	1730199056	23.39	59.78	4706736096	7.98	1084220815	0	0	-20570334	200104065	18.46			20180110	290337867
201801	2317	鴻海	400606784	345331557	16.01	-40.66	400606784	345331557	16.01	1645347853	28.98	31.28	4762740410	9.12			400606784	345331557	16.01	-40.66	400606784	345331557	16.01	1645347853	28.98	31.28	4762740410	9.12	1084220815	0	0	-3074318	197029747	18.17			20180209	265666768
201802	2317	鴻海	277815099	289580345	-4.06	-30.65	678421883	634911902	6.85	1353563313	24.8	-10.13	4750975164	8.63			277815099	289580345	-4.06	-30.65	678421883	634911902	6.85	1353563313	24.8	-10.13	4750975164	8.63	1084220815	0	0	-9238569	187791178	17.32			20180309	265666776
201803	2317	鴻海	349154840	341690438	2.18	25.68	1028594580	975043856	5.49	1028594580	5.49	-40.55	4758439566	8.75			349154840	341690438	2.18	25.68	1028594580	975043856	5.49	1028594580	5.49	-40.55	4758439566	8.75	1116836820	0	0	-11405997	176385181	15.79			20180410	290337935
201804	2317	鴻海	343987825	322787873	6.57	-1.48	1371564549	1299390213	5.55	970957764	1.77	-40.99	4779639518	9.22			343987825	322787873	6.57	-1.48	1371564549	1299390213	5.55	970957764	1.77	-40.99	4779639518	9.22	1116836820	0	0	2872001	179257182	16.05			20180510	271566924
201805	2317	鴻海	347103612	279845611	24.03	0.91	1718668161	1579235824	8.83	1040246277	10.16	-23.15	4846897519	11.15			347103612	279845611	24.03	0.91	1718668161	1579235824	8.83	1040246277	10.16	-23.15	4846897519	11.15	1116836820	0	0	2307979	181565161	16.26			20180608	271568710
201806	2317	鴻海	389889521	315139646	23.72	12.33	2108065028	1897456321	11.1	1080980958	17.78	5.09	4921647394	12.61			389889521	315139646	23.72	12.33	2108065028	1897456321	11.1	1080980958	17.78	5.09	4921647394	12.61	1188475939	0	0	2898607	184463768	15.52			20180710	290338030
201807	2317	鴻海	395590580	315057364	25.56	1.46	2504148262	2209432834	13.34	1132583713	24.45	16.65	5002180610	13.87			395590580	315057364	25.56	1.46	2504148262	2209432834	13.34	1132583713	24.45	16.65	5002180610	13.87	1188475939	0	0	-285437	184178331	15.5			20180810	280963225
201808	2317	鴻海	396784599	316793293	25.25	0.3	2900932860	2526226127	14.83	1182264700	24.84	13.65	5082171916	15.59			396784599	316793293	25.25	0.3	2900932860	2526226127	14.83	1182264700	24.84	13.65	5082171916	15.59	1188475939	0	0	-8701256	175477075	14.76			20180910	280963229
201809	2317	鴻海	584929050	451040000	29.68	47.42	3483904827	2976347954	17.05	1377304229	27.19	27.41	5216060966	19.1			584929050	451040000	29.68	47.42	3483904827	2976347954	17.05	1377304229	27.19	27.41	5216060966	19.1	1150879547	0	0	-658852	174818223	15.19			20181011	290338138
201810	2317	鴻海	589734622	485457987	21.48	0.82	4075596532	3462724114	17.7	1571448271	25.39	38.75	5320337601	21.11			589734622	485457987	21.48	0.82	4075596532	3462724114	17.7	1571448271	25.39	38.75	5320337601	21.11	1150879547	0	0	2232260	177050483	15.38			20181109	290070264
201811	2317	鴻海	601441398	569599639	5.59	1.99	4677037929	4032323753	15.99	1776105070	17.93	50.23	5352179360	19.42			601441398	569599639	5.59	1.99	4677037929	4032323753	15.99	1776105070	17.93	50.23	5352179360	19.42	1150879547	0	0	-2897371	174153112	15.13			20181210	290070264
201812	2317	鴻海	619315527	675141430	-8.27	2.97	5293803022	4706736096	12.47	1810491547	4.64	31.45	5293803022	12.47			619315527	675141430	-8.27	2.97	5293803022	4706736096	12.47	1810491547	4.64	31.45	5293803022	12.47	1211878469	0	0	-411275	173741837	14.34			20190110	301269817
201901	2317	鴻海	414095017	400606784	3.37	-33.14	414095017	400606784	3.37	1634851942	-0.64	4.03	5309841690	11.49			414095017	400606784	3.37	-33.14	414095017	400606784	3.37	1634851942	-0.64	4.03	5309841690	11.49	1211878469	0	0	121892	173863729	14.35			20190215	302170267
201902	2317	鴻海	265632525	277815099	-4.39	-35.85	679727542	678421883	0.19	1299043069	-4.03	-26.86	5297659116	11.51			265632525	277815099	-4.39	-35.85	679727542	678421883	0.19	1299043069	-4.03	-26.86	5297659116	11.51	1211878469	0	0	237495	174101224	14.37			20190308	302170267
201903	2317	鴻海	376604602	349154840	7.86	41.78	1054302519	1028594580	2.5	1054302519	2.5	-41.77	5325108878	11.91			376604602	349154840	7.86	41.78	1054302519	1028594580	2.5	1054302519	2.5	-41.77	5325108878	11.91	1267221148	0	0	-1760946	172340278	13.6			20190410	305837988
201904	2317	鴻海	379786358	343987825	10.41	0.84	1436118502	1371564549	4.71	1022023485	5.26	-37.49	5360907411	12.16			379786358	343987825	10.41	0.84	1436118502	1371564549	4.71	1022023485	5.26	-37.49	5360907411	12.16	1267221148	0	0	213865	172554143	13.62			20190510	307772033
201905	2317	鴻海	384217278	347103612	10.69	1.17	1820335781	1718668161	5.92	1140608238	9.65	-12.2	5398021077	11.37			384217278	347103612	10.69	1.17	1820335781	1718668161	5.92	1140608238	9.65	-12.2	5398021077	11.37	1267221148	0	0	3588581	176142724	13.9			20190605	308267642
201906	2317	鴻海	396537313	389889521	1.71	3.21	2214086625	2108065028	5.03	1160540949	7.36	10.08	5404668869	9.81			396537313	389889521	1.71	3.21	2214086625	2108065028	5.03	1160540949	7.36	10.08	5404668869	9.81	1216532754	0	0	-2717733	173424991	14.26			20190705	315558687
201907	2317	鴻海	398012063	395590580	0.61	0.37	2614885156	2504148262	4.42	1178766654	4.08	15.34	5407090352	8.09			398012063	395590580	0.61	0.37	2614885156	2504148262	4.42	1178766654	4.08	15.34	5407090352	8.09	1216532754	0	0	-6305276	167119715	13.74			20190805	316972034
201908	2317	鴻海	398815197	396784599	0.51	0.2	3013700353	2900932860	3.89	1193364573	0.94	4.63	5409120950	6.43			398815197	396784599	0.51	0.2	3013700353	2900932860	3.89	1193364573	0.94	4.63	5409120950	6.43	1216532754	0	0	1556403	168676118	13.87			20190905	317461510
201909	2317	鴻海	587790037	584929050	0.49	47.38	3601878654	3483904827	3.39	1384617297	0.53	19.31	5411981937	3.76			587790037	584929050	0.49	47.38	3601878654	3483904827	3.39	1384617297	0.53	19.31	5411981937	3.76	1206685843	0	0	-2326215	166349903	13.79			20191005	324337084
201910	2317	鴻海	595882399	589734622	1.04	1.38	4197372789	4075596532	2.99	1582487633	0.7	34.25	5418129714	1.84			595882399	589734622	1.04	1.38	4197372789	4075596532	2.99	1582487633	0.7	34.25	5418129714	1.84	1206685843	0	0	-2842354	163507549	13.55			20191105	326072034
201911	2317	鴻海	602646218	601441398	0.2	1.14	4800019007	4677037929	2.63	1786318654	0.58	49.69	5419334534	1.25			602646218	601441398	0.2	1.14	4800019007	4677037929	2.63	1786318654	0.58	49.69	5419334534	1.25	1206685843	0	0	113188	163620737	13.56			20191205	326568474
201912	2317	鴻海	539507164	619315527	-12.89	-10.48	5339526171	5296353456	0.82	1738035781	-4	25.52	5339526171	0.82			539507164	619315527	-12.89	-10.48	5339526171	5296353456	0.82	1738035781	-4	25.52	5339526171	0.82	1206685843	0	0	-2683372	160937365	13.34			20200106	329666763
202001	2317	鴻海	364565505	414095017	-11.96	-32.43	364565505	414095017	-11.96	1506718887	-7.84	-4.79	5289996659	-0.37			364565505	414095017	-11.96	-32.43	364565505	414095017	-11.96	1506718887	-7.84	-4.79	5289996659	-0.37	1206685843	0	0	-350856	160586509	13.31			20200210	333261291
202002	2317	鴻海	217460379	265632525	-18.13	-40.35	582025884	679727542	-14.37	1121533048	-13.66	-37.22	5241824513	-1.05			217460379	265632525	-18.13	-40.35	582025884	679727542	-14.37	1121533048	-13.66	-37.22	5241824513	-1.05	1206685843	0	0	1810772	162397281	13.46			20200305	335668481
