年月	股票代號	股票名稱	單月合併營收(千)	去年單月合併營收(千)	單月合併營收年成長(%)	單月合併營收月變動(%)	累計合併營收(千)	去年累計合併營收(千)	累計合併營收成長(%)	近三月合併營收(千)	近三月合併營收年成長(%)	近三月合併營收月變動(%)	近12月累計合併營收(千)	近12月營收合併成長(%)	預估年營收(千)	累計營收達成率(%)	單月營收(千)	去年單月營收(千)	單月營收年成長(%)	單月營收月變動(%)	累計營收(千)	去年累計營收(千)	累計營收成長(%)	近三月營收(千)	近三月營收年成長(%)	近三月營收月變動(%)	近12月累計營收(千)	近12月營收成長(%)	淨值(千)	資金貸放餘額(千)	資金貸放佔淨值比(%)	背書保證單月金額(千)	背書保證累計餘額(千)	背書保証累計餘額佔淨值比(%)	重要子公司本月營業收入淨額(千)	重要子公司本年累計營收淨額(千)	公告日	RTIME
200001	1201	味全															844346	729061	15.81	16.14	844346	729061	15.81	2432709	3.34	-15.89	10459981	6.01	4020854			-1103968	639487	15.9			20000210	
200002	1201	味全															671553	701907	-4.32	-20.46	1515899	1430968	5.94	2242881	0.73	-18.35	10429627	4.92	4020854			-20000	619812	15.41			20000310	
200003	1201	味全															748424	851261	-12.08	11.45	2264323	2282229	-0.78	2264323	-0.78	-10.14	10326790	3	4507134			-1558	618254	13.72			20000410	
200004	1201	味全													10747428	27.98	743343	875558	-15.1	-0.68	3007666	3157787	-4.75	2163320	-10.93	-11.07	10194575	1.03	4507134			93855	712109	15.8			20000510	
200005	1201	味全													10747428	35.77	836696	872574	-4.11	12.56	3844362	4030361	-4.61	2328463	-10.42	3.82	10158697	0.47	4507134			1073	713182	15.82			20000610	
200006	1201	味全													10747428	43.77	859550	891950	-3.63	2.73	4703912	4922311	-4.44	2439589	-7.59	7.74	10126297	-0.31	4027967			40063	753245	18.7			20000710	
200007	1201	味全													10747428	51.7	852812	941868	-9.46	-0.78	5556724	5864179	-5.24	2549058	-5.81	17.83	10037241	-1.83	4027967			1932	755177	18.75			20000810	
200008	1201	味全													10747428	60.07	899404	1006565	-10.65	5.46	6456128	6870744	-6.03	2611766	-8.05	12.17	9930080	-3.6	4027967			22	755199	18.75			20000910	
200009	1201	味全													10747428	68.53	909048	954029	-4.71	1.07	7365176	7824773	-5.87	2661264	-8.31	9.09	9885099	-4.35	4037987			1766	760072	18.82			20001010	
200010	1201	味全													10747428	76.78	886180	931560	-4.87	-2.52	8251356	8756333	-5.77	2694632	-6.83	5.71	9839719	-5.22	4037987			120474	880546	21.81			20001110	
200011	1201	味全													9859257	91.37	757210	861381	-12.09	-14.55	9008566	9617714	-6.33	2552438	-7.08	-2.27	9735548	-6.51	4037987			-59293	821253	20.34			20001210	
200012	1201	味全					16525469	16157678	2.28					2.28	9859257	98.68	720177	726982	-0.94	-4.89	9728743	10344696	-5.95	2363567	-6.2	-11.19	9728743	-5.95	4009482			-23572	797681	19.89			20010110	
200101	1201	味全															651953	844346	-22.79	-9.47	651953	844346	-22.79	2129340	-12.47	-20.98	9536350	-8.83	4009482			68261	865942	21.6			20010210	
200102	1201	味全															590886	671553	-12.01	-9.37	1242839	1515899	-18.01	1963016	-12.48	-23.09	9455683	-9.34	4009482			10000	875942	21.85			20010310	
200103	1201	味全															712594	748424	-4.79	20.6	1955433	2264323	-13.64	1955433	-13.64	-17.27	9419853	-8.78	4211564			40188	916130	21.75			20010410	
200104	1201	味全															725215	743343	-2.44	1.77	2680648	3007666	-10.87	2028695	-6.22	-4.73	9401725	-7.78	4211564			-37877	878253	20.85			20010510	
200105	1201	味全															830630	836696	-0.72	14.54	3511278	3844362	-8.66	2268439	-2.58	15.56	9395659	-7.51	4211564			127592	1005845	23.88			20010610	
200106	1201	味全															832872	859550	-3.1	0.27	4344150	4703912	-7.65	2388717	-2.09	22.16	9368981	-7.48	3994778			6654	1012499	25.35			20010710	
200107	1201	味全															836273	852812	-1.94	0.41	5180423	5556724	-6.77	2499775	-1.93	23.22	9352442	-6.82	3994778			2380	1014879	25.41			20010810	
200108	1201	味全															947676	899404	5.37	13.32	6128099	6456128	-5.08	2616821	0.19	15.36	9400714	-5.33	3994778			-26858	988020	24.73			20010910	
200109	1201	味全															846336	909048	-6.9	-10.69	6974435	7365176	-5.31	2630285	-1.16	10.11	9338002	-5.53	3814583			28259	1016279	26.64			20011010	
200110	1201	味全															818857	886180	-7.6	-3.25	7793292	8251356	-5.55	2612869	-3.03	4.52	9270679	-5.78	3814583			53839	1070117	28.05			20011110	
200111	1201	味全															711491	757210	-6.04	-13.11	8504783	9008566	-5.59	2376684	-6.89	-9.18	9224960	-5.24	3814583			9399	1079516	28.3			20011210	
200112	1201	味全					15553223	16525469	-5.88					-5.88			669120	720177	-7.09	-5.96	9173903	9728743	-5.7	2199468	-6.94	-16.38	9173903	-5.7	3631664			4781	1084297	29.86			20020110	
200201	1201	味全															628757	651953	-3.56	-6.03	628757	651953	-3.56	2009368	-5.63	-23.1	9150707	-4.04	3631664			-27731	1056566	29.09			20020210	
200202	1201	味全															546538	590886	-7.51	-13.08	1175295	1242839	-5.43	1844415	-6.04	-22.4	9106359	-3.69	3631664			-23748	1016549	27.99			20020310	
200203	1201	味全															696775	712594	-2.22	27.49	1872070	1955433	-4.26	1872070	-4.26	-14.89	9090540	-3.5	3364253			-1023	1015526	30.19			20020410	
200204	1201	味全															758181	725215	4.55	8.81	2630251	2680648	-1.88	2001494	-1.34	-0.39	9123506	-2.96	3364253			6573	1022100	30.38			20020510	
200205	1201	味全															842748	830630	1.46	11.15	3472999	3511278	-1.09	2297704	1.29	24.58	9135624	-2.77	3364253			30777	1052876	31.3			20020610	
200206	1201	味全															870277	832872	4.49	3.27	4343276	4344150	-0.02	2471206	3.45	32	9173029	-2.09	3443382			-34842	1021972	29.68			20020710	
200207	1201	味全															937960	836273	12.16	7.78	5281236	5180423	1.95	2650985	6.05	32.45	9274716	-0.83	3443382			23967	1045939	30.38			20020810	
200208	1201	味全															1013569	947676	6.95	8.06	6294805	6128099	2.72	2821806	7.83	22.81	9340609	-0.64	3443382			21649	1067588	31			20020910	
200209	1201	味全															838874	846336	-0.88	-17.24	7133679	6974435	2.28	2790403	6.09	12.92	9333147	-0.05	3535777			7275	1074862	30.4			20021010	
200210	1201	味全															824321	818857	0.67	-1.73	7958000	7793292	2.11	2676764	2.45	0.97	9338611	0.73	3535777			49946	1124809	31.81			20021110	
200211	1201	味全															697686	711491	-1.94	-15.36	8655686	8504783	1.77	2360881	-0.66	-16.33	9324806	1.08	3535777			-85597	1039212	29.39			20021210	
200212	1201	味全					15252582	15553223	-1.93					-1.93			730575	669120	9.18	4.71	9386261	9173903	2.31	2252582	2.41	-19.27	9386261	2.31	3688544			-30568	1008644	27.35			20030110	
200301	1201	味全															666286	628757	5.97	-8.8	666286	628757	5.97	2094547	4.24	-21.75	9423790	2.98	3688544			99413	1108057	30.04			20030210	
200302	1201	味全															702193	546538	28.48	5.39	1368479	1175295	16.44	2099054	13.81	-11.09	9579445	5.2	3688544			10587	1118644	30.33			20030310	
200303	1201	味全															830782	696775	19.23	18.31	2199261	1872070	17.48	2199261	17.48	-2.37	9713452	6.85	3662764			48151	1166795	31.86			20030410	
200304	1201	味全															841748	758181	11.02	1.32	3041009	2630251	15.62	2374723	18.65	13.38	9797019	7.38	3662764			10978	1177773	32.16			20030510	
200305	1201	味全															941962	842748	11.77	11.91	3982971	3472999	14.68	2614492	13.79	24.56	9896233	8.33	3662764			148440	1326213	36.21			20030610	
200306	1201	味全															882794	870277	1.44	-6.28	4865765	4343276	12.03	2666504	7.9	21.25	9908750	8.02	3647036			78868	1405081	38.53			20030710	
200307	1201	味全															1065127	937960	13.56	20.65	5930892	5281236	12.3	2889883	9.01	21.69	10035917	8.21	3647036			-51102	1353979	37.13			20030810	
200308	1201	味全															1025858	1013569	1.21	-3.69	6956750	6294805	10.52	2973779	5.39	13.74	10048206	7.58	3647036	20800	0.57	-10895	1343084	36.83			20030910	
200309	1201	味全															949110	838874	13.14	-7.48	7905860	7133679	10.82	3040095	8.95	14.01	10158442	8.84	3709634	20800	0.56	65580	1408664	37.97			20031010	
200310	1201	味全															831018	824321	0.81	-12.44	8736878	7958000	9.79	2805986	4.83	-2.9	10165139	8.85	3709634	20800	0.56	27210	1435874	38.71			20031110	
200311	1201	味全															751633	697686	7.73	-9.55	9488511	8655686	9.62	2531761	7.24	-14.86	10219086	9.59	3709634	20800	0.56	22641	1458515	39.32			20031210	
200312	1201	味全					16196128	15252582	6.19					6.19			679527	730575	-6.99	-9.59	10168038	9386261	8.33	2262178	0.43	-25.59	10168038	8.33	3693103	20800	0.56	7521	1466036	39.7			20040110	
200401	1201	味全															636947	666286	-4.4	-6.27	636947	666286	-4.4	2068107	-1.26	-26.3	10138699	7.59	3693103	20800	0.56	-6360	1459675	39.52			20040210	
200402	1201	味全															616358	702193	-12.22	-3.23	1253305	1368479	-8.42	1932832	-7.92	-23.66	10052864	4.94	3693103	20800	0.56	-86121	1373554	37.19			20040310	
200403	1201	味全															700884	830782	-15.64	13.71	1954189	2199261	-11.14	1954189	-11.14	-13.61	9922966	2.16	3715426	20800	0.56	-52863	1320691	35.55			20040410	
200404	1201	味全															759610	841748	-9.76	8.38	2713799	3041009	-10.76	2076852	-12.54	0.42	9840828	0.45	3715426	20800	0.56	-60444	1260247	33.92			20040510	
200405	1201	味全															852032	941962	-9.55	12.17	3565831	3982971	-10.47	2312526	-11.55	19.64	9750898	-1.47	3715426	20800	0.56	26748	1286994	34.64			20040610	
200406	1201	味全															849676	882794	-3.75	-0.28	4415507	4865765	-9.25	2461318	-7.69	25.95	9717780	-1.93	3740798			-6343	1280651	34.23			20040710	
200407	1201	味全															1004715	1065127	-5.67	18.25	5420222	5930892	-8.61	2706423	-6.35	30.31	9657368	-3.77	3740798			-52140	1228511	32.84			20040810	
200408	1201	味全															1074788	1025858	4.77	6.97	6495010	6956750	-6.64	2929179	-1.5	26.67	9706298	-3.4	3740798			-42588	1185923	31.7			20040910	
200409	1201	味全															926618	949110	-2.37	-13.79	7421628	7905860	-6.12	3006121	-1.12	22.13	9683806	-4.67	3831497			-52392	1133531	29.58			20041010	
200410	1201	味全															787312	831018	-5.26	-15.03	8208940	8736878	-6.04	2788718	-0.62	3.04	9640100	-5.17	3831497			-114972	1018559	26.58			20041110	
200411	1201	味全															743192	751633	-1.12	-5.6	8952132	9488511	-5.65	2457122	-2.95	-16.12	9631659	-5.75	3831497			-38823	979736	25.57			20041210	
200412	1201	味全					16410219	16196128	1.32					1.32			724958	679527	6.69	-2.45	9677090	10168038	-4.83	2255462	-0.3	-24.97	9677090	-4.83	3370010			138537	1118273	33.18			20050110	
200501	1201	味全															669370	636947	5.09	-7.67	669370	636947	5.09	2137520	3.36	-23.35	9709513	-4.23	3370010			-211	1118062	33.18			20050210	
200502	1201	味全															547472	616358	-11.18	-18.21	1216842	1253305	-2.91	1941800	0.46	-20.97	9640627	-4.1	3370010			-3656	1114406	33.07			20050310	
200503	1201	味全															658594	700884	-6.03	20.3	1875436	1954189	-4.03	1875436	-4.03	-16.85	9598337	-3.27	3422584			-27293	1087113	31.76			20050410	
200504	1201	味全															779660	759610	2.64	18.38	2655096	2713799	-2.16	1985726	-4.39	-7.1	9618387	-2.26	3422584			-1933	1085180	31.71			20050510	
200505	1201	味全															874858	852032	2.68	12.21	3529954	3565831	-1.01	2313112	0.03	19.12	9641213	-1.12	3422584			-11833	1073346	31.36			20050610	
200506	1201	味全					7890218										933508	849676	9.87	6.7	4463462	4415507	1.09	2588026	5.15	38	9725045	0.07	3502008			-158137	915209	26.13			20050710	
200507	1201	味全															1050451	1004715	4.55	12.53	5513913	5420222	1.73	2858817	5.63	43.97	9770781	1.17	3502008			17893	933103	26.64			20050810	
200508	1201	味全															987339	1074788	-8.14	-6.01	6501252	6495011	0.1	2971298	1.44	28.45	9683332	-0.24	3502008			7115	940218	26.85			20050910	
200509	1201	味全															920330	926618	-0.68	-6.79	7421582	7421628	0	2958120	-1.6	14.3	9677044	-0.07	3667067			-39954	900264	24.55			20051010	
200510	1201	味全															867487	787312	10.18	-5.74	8289069	8208940	0.98	2775156	-0.49	-2.93	9757219	1.21	3667067			-47551	852713	23.25			20051110	
200511	1201	味全															781599	743192	5.17	-9.9	9070668	8952132	1.32	2569416	4.57	-13.53	9795626	1.7	3667067			57762	910475	24.83			20051210	
200512	1201	味全					17353637	16410219	5.75					5.75			725114	724958	0.02	-7.23	9795781	9677090	1.23	2374200	5.26	-19.74	9795782	1.23	3667206			1788	912263	24.88			20060110	
200601	1201	味全															747725	669370	11.71	3.12	747725	669370	11.71	2254438	5.47	-18.76	9874137	1.7	3667206			-156507	755756	20.61			20060210	
200602	1201	味全															627678	547472	14.65	-16.05	1375403	1216842	13.03	2100517	8.17	-18.25	9954343	3.25	3667206			-373413	382343	10.43			20060310	
200603	1201	味全															730084	658594	10.85	16.32	2105487	1875436	12.27	2105487	12.27	-11.32	10025833	4.45	3749135			29951	412294	11			20060410	
200604	1201	味全															843888	779660	8.24	15.59	2949375	2655096	11.08	2201650	10.87	-2.34	10090061	4.9	3749135			22649	434943	11.6			20060510	
200605	1201	味全															960887	874858	9.83	13.86	3910262	3529954	10.77	2534859	9.59	20.68	10176090	5.55	3749135			-6872	428071	11.42			20060610	
200606	1201	味全					8776429	7890218	11.23								1000509	933508	7.18	4.12	4910771	4463462	10.02	2805284	8.39	33.24	10243091	5.33	3868459			-49105	378966	9.8			20060710	
200607	1201	味全															1135955	1050451	8.14	13.54	6046726	5513913	9.66	3097351	8.34	40.68	10328595	5.71	3868459			-29144	349822	9.04			20060810	
200608	1201	味全															976437	987339	-1.1	-14.04	7023163	6501252	8.03	3112901	4.77	22.8	10317693	6.55	3868459			-60113	289709	7.49			20060910	
200609	1201	味全															1004810	920330	9.18	2.91	8027973	7421582	8.17	3117202	5.38	11.12	10402173	7.49	4028190			-4143	285566	7.09			20061010	
200610	1201	味全															913419	867487	5.29	-9.1	8941392	8289069	7.87	2894666	4.31	-6.54	10448105	7.08	4028190			198843	484409	12.03			20061110	
200611	1201	味全															840118	781599	7.49	-8.02	9781510	9070668	7.84	2758347	7.35	-11.39	10506624	7.26	4028190			46315	530724	13.18			20061210	
200612	1201	味全					18049880	17353637	4.01					4.01			792495	725114	9.29	-5.67	10574005	9795782	7.94	2546032	7.24	-18.32	10574005	7.94	4066666			131589	662313	16.29			20070110	
200701	1201	味全															738027	747725	-1.3	-6.87	738027	747725	-1.3	2370640	5.15	-18.1	10564307	6.99	4066666			-56466	605847	14.9			20070210	
200702	1201	味全															698144	627678	11.23	-5.4	1436171	1375403	4.42	2228666	6.1	-19.2	10634773	6.84	4066666			14	605861	14.9			20070310	
200703	1201	味全															773474	730084	5.94	10.79	2209645	2105487	4.95	2209645	4.95	-13.21	10678163	6.51	4190001			-33484	572377	13.66			20070410	
200704	1201	味全															804036	843888	-4.72	3.95	3013681	2949375	2.18	2275654	3.36	-4.01	10638311	5.43	4190001			22317	594694	14.19			20070510	
200705	1201	味全															972365	960887	1.19	20.94	3986046	3910262	1.94	2549875	0.59	14.41	10649789	4.66	4190001			-2938	591756	14.12			20070610	
200706	1201	味全					8612368	8776429	-1.87								960170	1000509	-4.03	-1.25	4946216	4910771	0.72	2736571	-2.45	23.85	10609450	3.58	4264950			129967	721723	16.92			20070710	
200707	1201	味全															1091437	1135955	-3.92	13.67	6037653	6046726	-0.15	3023972	-2.37	32.88	10564932	2.29	4264950			-49923	671800	15.75			20070810	
200708	1201	味全															1170694	976437	19.89	7.26	7208347	7023163	2.64	3222301	3.51	26.37	10759189	4.28	4264950			2397	674197	15.81			20070910	
200709	1201	味全															1050518	1004810	4.55	-10.27	8258865	8027973	2.88	3312649	6.27	21.05	10804897	3.87	4393279			-4634	669563	15.24			20071010	
200710	1201	味全															997002	913419	9.15	-5.09	9255867	8941392	3.52	3218214	11.18	6.42	10888480	4.21	4393279			145125	814688	18.54			20071110	
200711	1201	味全															840117	840118	0	-15.74	10095984	9781510	3.21	2887637	4.69	-10.39	10888479	3.63	4393279			49983	864671				20071210	
200712	1201	味全					18856831	18049880	4.47					4.47			832728	792495	5.08	-0.88	10928712	10574005	3.35	2669847	4.86	-19.4	10928712	3.35	4475384			5235	869906	19.44			20080110	
200801	1201	味全															839416	738027	13.74	0.8	839416	738027	13.74	2512261	5.97	-21.94	11030101	4.41	4475384			-157309	712597	15.92			20080210	
200802	1201	味全															723632	698144	3.65	-13.79	1563047	1436171	8.83	2395776	7.5	-17.03	11055589	3.96	4475384			-12309	700288	15.65			20080310	
200803	1201	味全					4406960										841565	773474	8.8	16.3	2404613	2209645	8.82	2404613	8.82	-9.93	11123680	4.17	4581758			-71794	628494	13.72			20080410	
200804	1201	味全															894912	804036	11.3	6.34	3299523	3013681	9.48	2460109	8.11	-2.08	11214556	5.42	4581758			91724	720218	15.72			20080509	
200805	1201	味全															977249	972365	0.5	9.2	4276772	3986046	7.29	2713726	6.43	13.27	11219440	5.35	4581758			47628	767846	16.76			20080610	
200806	1201	味全					9240996	8612368	7.3								1010108	960170	5.2	3.36	5286880	4946216	6.89	2882269	5.32	19.86	11269378	6.22	4736597			-2725	765121	16.15			20080710	
200807	1201	味全															1230862	1091437	12.77	21.85	6517742	6037653	7.95	3218219	6.42	30.82	11408803	7.99	4736597			173438	938559	19.82			20080809	
200808	1201	味全															1127685	1170694	-3.67	-8.38	7645427	7208347	6.06	3368655	4.54	24.13	11365794	5.64	4736597			-82508	856051	18.07			20080910	
200809	1201	味全					15271735										1057069	1050518	0.62	-6.26	8702497	8258865	5.37	3415616	3.11	18.5	11372345	5.25	4874416			108099	964150	19.78			20081007	
200810	1201	味全															1038468	997002	4.16	-1.76	9740965	9255867	5.24	3223222	0.16	0.16	11413811	4.82	4874416			26488	990638	20.32			20081110	
200811	1201	味全															938991	840117	11.77	-9.58	10679956	10095984	5.78	3034528	5.09	-9.92	11512685	5.73	4874416			153343	1143981				20081210	
200812	1201	味全					20158126	18856831	6.9					6.9			906631	832728	8.87	-3.45	11586587	10928712	6.02	2884090	8.02	-15.56	11586588	6.02	4900932			75834	1219815				20090110	
200901	1201	味全															929261	839416	10.7	2.5	929261	839416	10.7	2774883	10.45	-13.91	11676433	5.86	4900932			89352	1309167	26.71			20090210	123563871
200902	1201	味全															825172	723632	14.03	-11.2	1754433	1563047	12.24	2661064	11.07	-12.31	11777973	6.53	4900932			602722	1911889	39.01			20090310	123563973
200903	1201	味全					4808926	4406960	9.12	4808926	9.12						955944	841565	13.59	15.85	2710377	2404611	12.72	2710377	12.72	-6.02	11892352	6.91	5081296			-208058	1703831	33.53			20090410	123564061
200904	1201	味全															951617	894912	6.34	-0.45	3661994	3299523	10.99	2732733	11.08	-1.52	11949057	6.55	5081296			137897	1841728	36.25			20090511	123564134
200905	1201	味全															1079333	977249	10.45	13.42	4741327	4276772	10.86	2986894	10.07	12.24	12051141	7.41	5081296			-3066	1838662	36.18			20090610	123380107
200906	1201	味全					9590104	9240996	3.78								1063197	1010108	5.26	-1.49	5804526	5286881	9.79	3094147	7.35	14.16	12104230	7.41	5224851			-48732	1789930	34.26			20090710	123380155
200907	1201	味全															1127609	1230862	-8.39	6.06	6932133	6517742	6.36	3270139	1.61	19.67	12000977	5.19	5224851			82086	1872016	35.83			20090810	123380261
200908	1201	味全															1292373	1127685	14.6	14.61	8224506	7645427	7.57	3483179	3.4	16.62	12165665	7.04	5224851			150998	2023014	38.72			20090910	123380369
200909	1201	味全					15755053	15271735	3.16								1154766	1057069	9.24	-10.65	9379273	8703508	7.76	3574748	4.66	15.53	12263362	7.83	5384678			115797	2138811	39.72			20091012	123564595
200910	1201	味全															1095062	1038468	5.45	-5.17	10474334	9740965	7.53	3542201	9.9	8.32	12319956	7.94	5384678			-136700	2002111	37.18			20091110	123380594
200911	1201	味全															1008451	938991	7.4	-7.91	11482785	10679956	7.52	3258279	7.37	-6.46	12389416	7.62	5384678			1134591	3136702	58.25			20091210	123380709
200912	1201	味全					21129401	20158126	4.82				21129401	4.82			971976	906631	7.21	-3.62	12454761	11586588	7.49	3075489	6.64	-13.97	12454761	7.49	5498681			472542	3609244	65.64			20100111	123380823
201001	1201	味全															990701	929261	6.61	1.93	990701	929261	6.61	2971128	7.07	-16.12	12516201	7.19	5498681			-122436	3486808	63.41			20100210	123380861
201002	1201	味全															896858	825172	8.69	-9.47	1887559	1754433	7.59	2859535	7.46	-12.24	12587887	6.88	5498681			15843	3502651	63.7			20100310	123380983
201003	1201	味全					5322064	4808926	10.67	5322064	10.67						1034701	955944	8.24	15.37	2922260	2710377	7.82	2922260	7.82	-4.98	12666644	6.51	5679293			52715	3555366	62.6			20100412	123381106
201004	1201	味全															1075394	951617	13.01	3.93	3997654	3661994	9.17	3006953	10.03	1.21	12790421	7.04	5679293			-46969	3508397	61.78			20100510	123381213
201005	1201	味全															1180106	1079333	9.34	9.74	5177760	4741327	9.2	3290201	10.15	15.06	12891194	6.97	5679293	0	0	-574593	2933804	51.66			20100618	123381342
201006	1201	味全					11305682	9590104	17.89								1156319	1063197	8.76	-2.02	6334078	5804526	9.12	3411819	10.27	16.75	12984316	7.27	5571871	0	0	-927450	2006354	36.01			20100709	123381470
201007	1201	味全															1227124	1127609	8.83	6.12	7561203	6932133	9.07	3563549	8.97	18.51	13083831	9.02	5571871	0	0	441370	2447724	43.93			20100810	123381603
201008	1201	味全															1241194	1292373	-3.96	1.15	8802397	8224506	7.03	3624637	4.06	10.16	13032652	7.13	5571871	0	0	111480	2559204	45.93			20100910	123381736
201009	1201	味全					17902415	15755053	13.63								1190111	1154766	3.06	-4.12	9992507	9379273	6.54	3658429	2.34	7.23	13067997	6.56	5681628	0	0	-98050	2461154	43.32			20101008	123381868
201010	1201	味全															1108691	1095062	1.24	-6.84	11101199	10474334	5.98	3539996	-0.06	-0.66	13081626	6.18	5681628	0	0	239928	2701082	47.54			20101109	123382006
201011	1201	味全															1061007	1008451	5.21	-4.3	12162206	11482785	5.92	3359809	3.12	-7.31	13134182	6.01	5681628	0	0	84351	2785433	49.03			20101209	123382143
201012	1201	味全					23691592	21129401	12.13				23691592	12.13			1075289	971976	10.63	1.35	13237495	12454761	6.28	3244987	5.51	-11.3	13237495	6.28	6582569	0	0	-56097	2729336	41.46			20110107	123382278
201101	1201	味全															1110017	990701	12.04	3.23	1110017	990701	12.04	3246313	9.26	-8.3	13356811	6.72	6582569	0	0	46067	2775403	42.16			20110210	123382328
201102	1201	味全															896623	896858	-0.03	-19.22	2006640	1887559	6.31	3081929	7.78	-8.27	13356576	6.11	6582569	0	0	145306	2920709	44.37			20110310	123382471
201103	1201	味全					5846530	5322064	9.85	5846530	9.85						1095331	1034701	5.86	22.16	3101970	2922260	6.15	3101970	6.15	-4.41	13417206	5.93	6833023	0	0	175412	3096121	45.31			20110408	123382615
201104	1201	味全															1123263	1075394	4.45	2.55	4225234	3997654	5.69	3115217	3.6	-4.04	13465075	5.27	6833023	0	0	-90035	3006086	43.99			20110506	123382740
201105	1201	味全															1226863	1180106	3.96	9.22	5452097	5177760	5.3	3445457	4.72	11.8	13511832	4.81	6833023	0	0	145595	3151681	46.12			20110608	123382886
201106	1201	味全					12313254	11305682	8.91								1179454	1156319	2	-3.86	6631551	6334078	4.7	3529580	3.45	13.79	13534967	4.24	6648662	0	0	143640	3295321	49.56			20110707	123383034
201107	1201	味全															1272576	1227124	3.7	7.9	7904127	7561203	4.54	3678893	3.24	18.09	13580419	3.8	6648662	0	0	85880	3381201	50.86			20110809	123383185
201108	1201	味全															1263103	1241194	1.77	-0.74	9167230	8802397	4.14	3715133	2.5	7.83	13602328	4.37	6648662	0	0	117810	3499011	52.63			20110909	123383336
201109	1201	味全					19261539	17902415	7.59								1236898	1190111	3.93	-2.07	10404128	9992507	4.12	3772577	3.12	6.88	13649115	4.45	7046350	0	0	-20924	3478087	49.36			20111007	123383721
201110	1201	味全															1161975	1108691	4.81	-6.06	11566103	11101199	4.19	3661976	3.45	-0.46	13702399	4.75	7046350	0	0	79360	3557447	50.49			20111110	123383875
201111	1201	味全															1140226	1061007	7.47	-1.87	12706329	12162206	4.47	3539099	5.34	-4.74	13781618	4.93	7046350	0	0	93780	3651227	51.82			20111209	123384031
201112	1201	味全					25638678	23538453	8.92				25638678	8.92			1127058	1075289	4.81	-1.15	13833387	13237495	4.5	3429259	5.68	-9.1	13833387	4.5	7746301	0	0	198185	3849412	49.69			20120110	123384185
201201	1201	味全	2026760				2026760										1115106	1110017	0.46	-1.06	1115106	1110017	0.46	3382390	4.19	-7.63	13838476	3.61	7746301	0	0	133695	3983107	51.42			20120210	93531747
201202	1201	味全	1852599			-8.59	3879359										1022158	896623	14	-8.34	2137264	2006640	6.51	3264322	5.92	-7.76	13964011	4.55	7746301	0	0	-98214	3884893	50.15			20120309	93532311
201203	1201	味全	2183810			17.88	6450985	5819350	10.85	6450985	10.85						1244891	1095331	13.65	21.79	3382155	3101970	9.03	3382155	9.03	-1.37	14113571	5.19	7918501	0	0	-20540	3864353	48.8	1340	4007	20120410	123384555
201204	1201	味全	2196329			0.57	8259498			6232738							1207477	1123263	7.5	-3.01	4589632	4225234	8.62	3474526	11.53	2.72	14197785	5.44	7918501	0	0	462	3864815	48.81	1335	5342	20120510	93533527
201205	1201	味全	2316443			5.47	10575941			6696582							1349332	1226863	9.98	11.75	5938964	5452097	8.93	3801700	10.34	16.46	14320254	5.98	7918501	0	0	799162	4663977	58.9	1336	6678	20120608	93533781
201206	1201	味全	2300912			-0.67	13829970	12260788	12.8	6813684		5.62					1323666	1179454	12.23	-1.9	7262632	6631551	9.52	3880475	9.94	14.73	14464466	6.87	7816887	0	0	245412	4909389	62.8	764	7442	20120709	123385008
201207	1201	味全	2435974			5.87	15312827			7053329		13.17					1394392	1272576	9.57	5.34	8657022	7904127	9.53	4067390	10.56	17.06	14586282	7.41	7816887	0	0	39027	4948416	63.3	1050	8492	20120810	95464259
201208	1201	味全	2563407			5.23	17876234			7300293		9.02					1437262	1263103	13.79	3.07	10094284	9167230	10.11	4155320	11.85	9.3	14760441	8.51	7816887	0	0	185110	5133526	65.67	1050	9542	20120910	98364008
201209	1201	味全公司	2412707			-5.88	21795013	19195710	13.54	7412088		8.78					1354979	1236898	9.55	-5.72	11449264	10404128	10.05	4186633	10.98	7.89	14878522	9.01	7983974	0	0	42842	5176368	64.83	1049	10591	20121009	123385508
201210	1201	味全公司	2231005			-7.53	22519946			7207119		2.18					1233382	1161975	6.15	-8.97	12682645	11566103	9.65	4025623	9.93	-1.03	14949929	9.1	7983974	0	0	-90463	5085905	63.7	1050	11641	20121109	104568031
201211	1201	味全	2082391			-6.66	24602338			6726103		-7.87					1199157	1140226	5.17	-2.77	13881802	12706329	9.25	3787518	7.02	-8.85	15008860	8.9	7983974	0	0	132469	5218374	65.36	1050	12691	20121210	107466306
201212	1201	味全	2028959			-2.57	28572108	25638678	11.44	6342355		-14.43	28572108	11.44			1209287	1127058	7.3	0.84	15091089	13833387	9.09	3641826	6.2	-13.01	15091089	9.09	8047474	0	0	198513	5416887	67.31	1050	13741	20130110	123386031
201301	1201	味全	2293196	2026760	13.15	13.02	2293196	2026760	13.15	6404546		-11.14	26897732				2293196	2026760	13.15	89.63	2293196	2026760	13.15	4701640	39	16.79	16269179	17.56	8047474	0	0	47105	5463992	67.9			20130218	113664079
201302	1201	味全	2065554	1852599	11.49	-9.93	4358750	3879359	12.36	6387709		-5.03	27110687				2065554	1852599	11.49	-9.93	4358750	3879359	12.36	5568037	70.57	47.01	17312575	23.98	8047474	0	0	138837	5602829	69.62			20130308	116462314
201303	1201	味全	2477894	2183810	13.47	19.96	6700847	6007414	11.54	6700847	11.54	5.65	27404771				2477894	2183810	13.47	19.96	6700847	6007414	11.54	6700847	11.54	84	18545578	31.4	8033066	0	0	-281208	5321621	66.25			20130410	119564051
201304	1201	味全	2434253	2196329	10.83	-1.76	9270897	8259498	12.25	6977701	11.95	8.95	27642695				2434253	2196329	10.83	-1.76	9270897	8259498	12.25	6977701	100.82	48.41	19772354	39.26	8033066	0	0	-175434	5146187	64.06			20130510	122456909
201305	1201	味全	2652825	2316443	14.52	8.98	11923722	10575941	12.74	7564972	12.97	18.43	27979077				2652825	2316443	14.52	8.98	11923722	10575941	12.74	7564972	98.99	35.86	21075847	47.18	8033066	0	0	721439	5867626	73.04			20130610	125663147
201306	1201	味全	2506333	2300912	8.93	-5.52	14278478	12876852	10.88	7593411	11.44	13.32	28184498				2506333	2300912	8.93	-5.52	14278478	12876852	10.88	7593411	95.68	13.32	22258514	53.88	8054350	0	0	-298683	5568943	69.14			20130710	125663153
201307	1201	味全	2831715	2435974	16.25	12.98	17261770	15312827	12.73	7990873	13.29	14.52	28580239				2831715	2435974	16.25	12.98	17261770	15312827	12.73	7990873	96.46	14.52	23695837	62.45	8054350	0	0	108092	5677035	70.48			20130812	125663160
201308	1201	味全	2814226	2563407	9.78	-0.62	20075996	17876234	12.31	8152274	11.67	7.76	28831058				2814226	2563407	9.78	-0.62	20075996	17876234	12.31	8152274	96.19	7.76	25072801	69.86	8054350	0	0	-3334	5673701	70.44			20130910	125663174
201309	1201	味全	2642064	2412707	9.51	-6.12	22540133	20288940	11.1	8288005	11.82	9.15	29060415				2642064	2412707	9.51	-6.12	22540133	20288940	11.1	8288005	97.96	9.15	26359886	77.17	8291243	0	0	-28205	5645496	68.09			20131011	125663181
201310	1201	味全	2448759	2231005	9.76	-7.32	25166819	22519946	11.75	7905049	9.68	-1.07	29278169				2448759	2231005	9.76	-7.32	25166819	22519946	11.75	7905049	96.37	-1.07	27575263	84.45	8291243	0	0	261683	5907179	71.25			20131111	125663187
201311	1201	味全	2203239	2082391	5.8	-10.03	27370058	24602338	11.25	7294062	8.44	-10.53	29399017				2203239	2082391	5.8	-10.03	27370058	24602338	11.25	7294062	92.58	-10.53	28579345	90.42	8291243	0	0	23155	5930334	71.53			20131210	125663201
201312	1201	味全	2087971	2028959	2.91	-5.23	29200402	26631297	9.65	6739969	6.27	-18.68	29200402	9.65			2087971	2028959	2.91	-5.23	29200402	26631297	9.65	6739969	85.07	-18.68	29200402	9.65	8312042	0	0	30295	5960629	71.71			20140110	125663208
201401	1201	味全	2345095	2293196	2.26	12.31	2345095	2293196	2.26	6636305	3.62	-16.05	29509928	9.71			2345095	2293196	2.26	12.31	2345095	2293196	2.26	6636305	41.15	-16.05	29509928	81.39	8312042	0	0	45948	6006577	72.26			20140210	125663212
201402	1201	味全	1840366	2065554	-10.9	-21.52	4185461	4358750	-3.98	6273432	-1.79	-13.99	29284740	8.02			1840366	2065554	-10.9	-21.52	4185461	4358750	-3.98	6273432	12.67	-13.99	29284740	69.15	8312042	0	0	220301	6226878	74.91			20140310	125663221
201403	1201	味全	2428421	2477894	-2	31.95	6611781	6700847	-1.33	6611781	-1.33	-1.9	29235267	6.68			2428421	2477894	-2	31.95	6611781	6700847	-1.33	6611781	-1.33	-1.9	29235267	57.64	8555357	0	0	-433861	5793017	67.71			20140410	125663227
201404	1201	味全	2448508	2434253	0.59	0.83	9062390	9270897	-2.25	6717295	-3.73	1.22	29249522	5.81			2448508	2434253	0.59	0.83	9062390	9270897	-2.25	6717295	-3.73	1.22	29249522	47.93	8555357	0	0	-128249	5664768	66.21			20140509	125663233
201405	1201	味全	2500175	2652825	-5.75	2.11	11562565	11923722	-3.03	7377104	-2.48	17.59	29096872	4			2500175	2652825	-5.75	2.11	11562565	11923722	-3.03	7377104	-2.48	17.59	29096872	38.06	8555357	0	0	129752	5794520	67.73			20140610	125663239
201406	1201	味全	2444614	2506333	-2.46	-2.22	13996768	14278478	-1.97	7393297	-2.64	11.82	29035153	3.02			2444614	2506333	-2.46	-2.22	13996768	14278478	-1.97	7393297	-2.64	11.82	29035153	30.45	8385610	0	0	51169	5845689	69.71			20140710	134864879
201407	1201	味全	2795122	2831715	-1.29	14.34	16835762	17261770	-2.47	7739911	-3.14	15.22	28998560	1.46			2795122	2831715	-1.29	14.34	16835762	17261770	-2.47	7739911	-3.14	15.22	28998560	22.38	8385610	0	0	8283	5853972	69.81			20140808	134864887
201408	1201	味全	2598207	2814226	-7.68	-7.04	19433969	20075996	-3.2	7837943	-3.86	6.25	28782541	-0.17			2598207	2814226	-7.68	-7.04	19433969	20075996	-3.2	7837943	-3.86	6.25	28782541	14.8	8385610	0	0	-7586	5846386	69.72			20140910	134864892
201409	1201	味全	2422226	2642063	-8.32	-6.77	21764292	22540133	-3.44	7815555	-5.7	5.71	28562703	-1.71			2422226	2642063	-8.32	-6.77	21764292	22540133	-3.44	7815555	-5.7	5.71	28562703	8.36	8407569	0	0	56751	5903137	70.21			20141009	143236872
201410	1201	味全	1862693	2448759	-23.93	-23.1	23718888	25166819	-5.75	6883126	-12.93	-11.07	27976637	-4.45			1862693	2448759	-23.93	-23.1	23718888	25166819	-5.75	6883126	-12.93	-11.07	27976637	1.46	8407569	0	0	-306842	5596295	66.56			20141110	143964840
201411	1201	味全	1458861	2203239	-33.79	-21.68	25177749	27370058	-8.01	5743780	-21.25	-26.72	27232259	-7.37			1458861	2203239	-33.79	-21.68	25177749	27370058	-8.01	5743780	-21.25	-26.72	27232259	-4.71	8407569	0	0	-410912	5185383	61.68			20141210	143964846
201412	1201	味全	1435636	2087971	-31.24	-1.59	26469174	29200402	-9.35	4757190	-29.42	-39.13	26469174	-9.35			1435636	2087971	-31.24	-1.59	26469174	29200402	-9.35	4757190	-29.42	-39.13	26469174	-9.35	7828219	0	0	-120096	5065287	64.71			20150109	156064948
201501	1201	味全	1657494	2345095	-29.32	15.45	1657494	2345095	-29.32	4551991	-31.41	-33.87	25892323	-12.26			1657494	2345095	-29.32	15.45	1657494	2345095	-29.32	4551991	-31.41	-33.87	25892323	-12.26	7828219	0	0	-192493	4872794	62.25			20150210	156064954
201502	1201	味全	1410347	1840366	-23.37	-14.91	3067841	4185461	-26.7	4503477	-28.21	-21.59	25462304	-13.05			1410347	1840366	-23.37	-14.91	3067841	4185461	-26.7	4503477	-28.21	-21.59	25462304	-13.05	7828219	0	0	-657397	4215397	53.85			20150310	156064964
201503	1201	味全	1633813	2428421	-32.72	15.84	4742993	6611781	-28.26	4742993	-28.26	-0.3	24667696	-15.62			1633813	2428421	-32.72	15.84	4742993	6611781	-28.26	4742993	-28.26	-0.3	24667696	-15.62	7513119	0	0	-11811	4203586	55.95			20150410	162163158
201504	1201	味全	1747838	2448508	-28.62	6.98	6449492	9062390	-28.83	4791998	-28.66	5.27	23967026	-18.06			1747838	2448508	-28.62	6.98	6449492	9062390	-28.83	4791998	-28.66	5.27	23967026	-18.06	7513119	0	0	-265088	3938498	52.42			20150511	162163167
201505	1201	味全	1887596	2500175	-24.5	8	8337088	11562565	-27.9	5269247	-28.57	17	23354447	-19.74			1887596	2500175	-24.5	8	8337088	11562565	-27.9	5269247	-28.57	17	23354447	-19.74	7513119	0	0	-1187927	2750571	36.61			20150610	162163175
201506	1201	味全	1891535	2444614	-22.62	0.21	10243099	13996768	-26.82	5526969	-25.24	16.53	22801368	-21.47			1891535	2444614	-22.62	0.21	10243099	13996768	-26.82	5526969	-25.24	16.53	22801368	-21.47	7165394	0	0	-161162	2589409	36.14			20150709	171365004
201507	1201	味全	2026924	2795122	-27.48	7.16	12255547	16835762	-27.21	5806055	-24.99	21.16	22033170	-24.02			2026924	2795122	-27.48	7.16	12255547	16835762	-27.21	5806055	-24.99	21.16	22033170	-24.02	7165394	0	0	619140	3208549	44.78			20150810	171365012
201508	1201	味全	2131844	2598207	-17.95	5.18	14387391	19433969	-25.97	6050303	-22.81	14.82	21566807	-25.07			2131844	2598207	-17.95	5.18	14387391	19433969	-25.97	6050303	-22.81	14.82	21566807	-25.07	7165394	0	0	470953	3679502	51.35			20150910	171365015
201509	1201	味全	1806688	2422226	-25.41	-15.25	15400616	20702574	-25.61	5965456	-23.67	7.93	20951269	-26.65			1806688	2422226	-25.41	-15.25	15400616	20702574	-25.61	5965456	-23.67	7.93	20951269	-26.65	6674281	0	0	41779	3721281	55.76			20151012	180460414
201510	1201	味全	1764637	1862693	-5.26	-2.33	17958716	23718888	-24.29	5703169	-17.14	-1.77	20853213	-25.46			1764637	1862693	-5.26	-2.33	17958716	23718888	-24.29	5703169	-17.14	-1.77	20853213	-25.46	6674281	0	0	-134800	3586481	53.74			20151110	180460419
201511	1201	味全	1549255	1458861	6.2	-12.21	19507971	25177749	-22.52	5120580	-10.85	-15.37	20943607	-23.09			1549255	1458861	6.2	-12.21	19507971	25177749	-22.52	5120580	-10.85	-15.37	20943607	-23.09	6674281	0	0	164938	3751419	56.21			20151210	180460421
201512	1201	味全	1223504	1435636	-14.78	-21.03	20051241	25004846	-19.81	4537396	-4.62	-23.94	20051241	-19.81			1223504	1435636	-14.78	-21.03	20051241	25004846	-19.81	4537396	-4.62	-23.94	20051241	-19.81	5822918	0	0	-470844	3280575	56.34			20160111	192764594
201601	1201	味全	1213101	1657494	-26.81	-0.85	1213101	1657494	-26.81	3985860	-12.44	-30.11	20287082	-21.65			1213101	1657494	-26.81	-0.85	1213101	1657494	-26.81	3985860	-12.44	-30.11	20287082	-21.65	5822918	0	0	-134508	3146067	54.03			20160215	197054088
201602	1201	味全	1063098	1410347	-24.62	-12.37	2276199	3067841	-25.8	3499703	-22.29	-31.65	19939833	-21.69			1063098	1410347	-24.62	-12.37	2276199	3067841	-25.8	3499703	-22.29	-31.65	19939833	-21.69	5822918	0	0	-11546	3134521	53.83			20160310	197054092
201603	1201	味全	1241896	1633813	-23.99	16.82	3518095	4397412	-20	3518095	-20	-22.46	19547916	-20.75			1241896	1633813	-23.99	16.82	3518095	4397412	-20	3518095	-20	-22.46	19547916	-20.75	5651744	0	0	-262571	2871950	50.82			20160411	197054095
201604	1201	味全	1325001	1747838	-24.19	6.69	4664623	6449492	-27.67	3629995	-24.25	-8.93	19125079	-20.2			1325001	1747838	-24.19	6.69	4664623	6449492	-27.67	3629995	-24.25	-8.93	19125079	-20.2	5651744	0	0	-93728	2778222	49.16			20160510	197054099
201605	1201	味全	1635617	1887596	-13.35	23.44	6478713	8337088	-22.29	4202514	-20.24	20.08	18873100	-19.19			1635617	1887596	-13.35	23.44	6478713	8337088	-22.29	4202514	-20.24	20.08	18873100	-19.19	5651744	0	0	-264747	2513475	44.47			20160613	199057869
201606	1201	味全	1668901	1891535	-11.77	2.03	7996077	9549579	-16.27	4629519	-16.24	31.59	18650466	-18.2			1668901	1891535	-11.77	2.03	7996077	9549579	-16.27	4629519	-16.24	31.59	18650466	-18.2	5258926	0	0	-191020	2322455	44.16			20160711	207931311
201607	1201	味全	1717480	2026924	-15.27	2.91	9865094	12255547	-19.51	5021998	-13.5	38.35	18341022	-16.76			1717480	2026924	-15.27	2.91	9865094	12255547	-19.51	5021998	-13.5	38.35	18341022	-16.76	5258926	0	0	-124295	2198160	41.8			20160810	207931314
201608	1201	味全	1763703	2131844	-17.27	2.69	11628797	14387391	-19.17	5150084	-14.88	22.55	17972881	-16.66			1763703	2131844	-17.27	2.69	11628797	14387391	-19.17	5150084	-14.88	22.55	17972881	-16.66	5258926	0	0	-21180	2176980	41.4			20160910	207933720
201609	1201	味全	1672012	1806688	-7.45	-5.2	13011614	15400616	-15.51	5153195	-13.62	11.31	17838205	-14.86			1672012	1806688	-7.45	-5.2	13011614	15400616	-15.51	5153195	-13.62	11.31	17838205	-14.86	5113349	0	0	-40920	2136060	41.77			20161011	217256799
201610	1201	味全	1522441	1764637	-13.72	-8.95	14823250	17958716	-17.46	4958156	-13.06	-1.27	17596009	-15.62			1522441	1764637	-13.72	-8.95	14823250	17958716	-17.46	4958156	-13.06	-1.27	17596009	-15.62	5113349	0	0	-704990	1431070	27.99			20161110	217256802
201611	1201	味全	1296935	1549255	-16.29	-14.81	16120185	19507971	-17.37	4491388	-12.29	-12.79	17343689	-17.19			1296935	1549255	-16.29	-14.81	16120185	19507971	-17.37	4491388	-12.29	-12.79	17343689	-17.19	5113349	0	0	515	1431585	28			20161212	217256803
201612	1201	味全	1226869	1223504	0.28	-5.4	17074511	20219756	-15.56	4046245	-10.82	-21.48	17074511	-15.56			1226869	1223504	0.28	-5.4	17074511	20219756	-15.56	4046245	-10.82	-21.48	17074511	-15.56	4684029	0	0	-39235	1392350	29.73			20170110	229168583
201701	1201	味全	1213521	1213101	0.03	-1.09	1213521	1213101	0.03	3737325	-6.24	-24.62	17347474	-14.49			1213521	1213101	0.03	-1.09	1213521	1213101	0.03	3737325	-6.24	-24.62	17347474	-14.49	4684029	0	0	-29950	1362400	29.09			20170210	236539819
201702	1201	味全	1127074	1063098	6.02	-7.12	2340595	2276199	2.83	3567464	1.94	-20.57	17411450	-12.68			1127074	1063098	6.02	-7.12	2340595	2276199	2.83	3567464	1.94	-20.57	17411450	-12.68	4684029	0	0	-29740	1332660	28.45			20170310	236539819
201703	1201	味全	1267283	1241896	2.04	12.44	3597795	3518095	2.27	3597795	2.27	-11.08	17436837	-10.8			1267283	1241896	2.04	12.44	3597795	3518095	2.27	3597795	2.27	-11.08	17436837	-10.8	4522316	0	0	-16645	1316015	29.1			20170410	236539819
201704	1201	味全	1331729	1325001	0.51	5.09	4939607	4843096	1.99	3726086	2.65	-0.3	17443565	-8.79			1331729	1325001	0.51	5.09	4939607	4843096	1.99	3726086	2.65	-0.3	17443565	-8.79	4522316	0	0	-55040	1260975	27.88			20170510	236539819
201705	1201	味全	1476996	1635617	-9.7	10.91	6416603	6478713	-0.96	4076008	-3.01	14.26	17284944	-8.41			1476996	1635617	-9.7	10.91	6416603	6478713	-0.96	4076008	-3.01	14.26	17284944	-8.41	4522316	0	0	299355	1560330	34.5			20170612	236539819
201706	1201	味全	1536126	1668901	-7.96	4	7910364	7996077	-1.07	4344851	-6.15	20.76	17152169	-8.03			1536126	1668901	-7.96	4	7910364	7996077	-1.07	4344851	-6.15	20.76	17152169	-8.03	4585309	0	0	25830	1586160	34.59			20170710	243552553
201707	1201	味全	1745969	1717480	1.66	13.66	9698698	9865094	-1.69	4759091	-5.24	27.72	17180658	-6.33			1745969	1717480	1.66	13.66	9698698	9865094	-1.69	4759091	-5.24	27.72	17180658	-6.33	4585309	0	0	-455920	1130240	24.65			20170810	244261398
201708	1201	味全	1785571	1763703	1.24	2.27	11484269	11628797	-1.24	5067666	-1.6	24.33	17202526	-4.29			1785571	1763703	1.24	2.27	11484269	11628797	-1.24	5067666	-1.6	24.33	17202526	-4.29	4585309	0	0	3760	1134000	24.73			20170908	244261407
201709	1201	味全	1685062	1672012	0.78	-5.63	13169205	13011614	1.21	5216602	1.23	20.06	17215576	-3.49			1685062	1672012	0.78	-5.63	13169205	13011614	1.21	5216602	1.23	20.06	17215576	-3.49	4663256	0	0	1770	1135770	24.36			20171011	251137071
201710	1201	味全	1559834	1522441	2.46	-7.43	14729165	14823250	-0.63	5030467	1.46	5.7	17252969	-1.95			1559834	1522441	2.46	-7.43	14729165	14823250	-0.63	5030467	1.46	5.7	17252969	-1.95	4663256	0	0	-3475	1132295	24.28			20171110	253658586
201711	1201	味全	1642814	1296935	26.67	5.32	16371979	16120185	1.56	4887710	8.82	-3.55	17598848	1.47			1642814	1296935	26.67	5.32	16371979	16120185	1.56	4887710	8.82	-3.55	17598848	1.47	4663256	0	0	-5325	1126970	24.17			20171211	253658588
201712	1201	味全	1345880	1226869	9.7	-18.07	17749330	17074511	3.95	4548528	12.41	-12.81	17749330	3.95			1345880	1226869	9.7	-18.07	17749330	17074511	3.95	4548528	12.41	-12.81	17749330	3.95	5174330	0	0	-6445	1120525	21.66			20180110	290337867
201801	1201	味全	1301271	1213521	7.23	-3.31	1301271	1213521	7.23	4289965	14.79	-14.72	17805609	2.64			1301271	1213521	7.23	-3.31	1301271	1213521	7.23	4289965	14.79	-14.72	17805609	2.64	5174330	0	0	-16675	1103850	21.33			20180209	265649921
201802	1201	味全	1220516	1127074	8.29	-6.21	2521787	2340595	7.74	3867667	8.42	-20.87	17899051	2.8			1220516	1127074	8.29	-6.21	2521787	2340595	7.74	3867667	8.42	-20.87	17899051	2.8	5174330	0	0	3170	1107020	21.39			20180309	265649924
201803	1201	味全	1380961	1267283	8.97	13.15	3917347	3597795	8.88	3917347	8.88	-13.88	18012729	3.3			1380961	1267283	8.97	13.15	3917347	3597795	8.88	3917347	8.88	-13.88	18012729	3.3	5318173	0	0	-2445	1104575	20.77			20180410	290337935
201804	1201	味全	1497842	1331729	12.47	8.46	5400590	4939607	9.33	4099319	10.02	-4.44	18178842	4.22			1497842	1331729	12.47	8.46	5400590	4939607	9.33	4099319	10.02	-4.44	18178842	4.22	5318173	0	0	17075	1121650	21.09			20180509	271863393
201805	1201	味全	1693716	1476996	14.67	13.08	7094306	6416603	10.56	4572519	12.18	18.22	18395562	6.43			1693716	1476996	14.67	13.08	7094306	6416603	10.56	4572519	12.18	18.22	18395562	6.43	5318173	0	0	100155	1221805	22.97			20180611	271863396
201806	1201	味全	1720797	1536126	12.02	1.6	8828716	7910364	11.61	4912355	13.06	25.4	18580233	8.33			1720797	1536126	12.02	1.6	8828716	7910364	11.61	4912355	13.06	25.4	18580233	8.33	5291980	0	0	13550	1235355	23.34			20180710	308547898
201807	1201	味全	1899582	1745969	8.8	10.39	10714685	9698698	10.48	5314095	11.66	29.63	18733846	9.04			1899582	1745969	8.8	10.39	10714685	9698698	10.48	5314095	11.66	29.63	18733846	9.04	5291980	0	0	-900	1234455	23.33			20180810	280934271
201808	1201	味全	1927383	1785571	7.94	1.46	12642068	11484269	10.08	5547762	9.47	21.33	18875658	9.73			1927383	1785571	7.94	1.46	12642068	11484269	10.08	5547762	9.47	21.33	18875658	9.73	5291980	0	0	4170	1238625	23.41			20180910	280934271
201809	1201	味全	1857221	1685062	10.22	-3.64	14509560	13169205	10.18	5684186	8.96	15.71	19047817	10.64			1857221	1685062	10.22	-3.64	14509560	13169205	10.18	5684186	8.96	15.71	19047817	10.64	6136654	0	0	-9435	1229190	20.03			20181009	308547921
201810	1201	味全	1772387	1559834	13.63	-4.57	16271676	14729165	10.47	5556991	10.47	4.57	19260370	11.64			1772387	1559834	13.63	-4.57	16271676	14729165	10.47	5556991	10.47	4.57	19260370	11.64	6136654	0	0	14555	1243745	20.27			20181109	290063294
201811	1201	味全	1633866	1642814	-0.54	-7.82	17905542	16371979	9.37	5263474	7.69	-5.12	19251422	9.39			1633866	1642814	-0.54	-7.82	17905542	16371979	9.37	5263474	7.69	-5.12	19251422	9.39	6136654	0	0	-77840	1165905	19			20181210	290063300
201812	1201	味全	1536834	1345880	14.19	-5.94	19436763	17749330	9.51	4943087	8.67	-13.04	19436763	9.51			1536834	1345880	14.19	-5.94	19436763	17749330	9.51	4943087	8.67	-13.04	19436763	9.51	6188035	0	0	-1940	1163965	18.81			20190110	308547943
201901	1201	味全	1583493	1301271	21.69	3.04	1583493	1301271	21.69	4754193	10.82	-14.45	19724598	10.78			1583493	1301271	21.69	3.04	1583493	1301271	21.69	4754193	10.82	-14.45	19724598	10.78	6188035	0	0	6115	1170080	18.91			20190215	302139664
201902	1201	味全	1358770	1220516	11.33	-14.19	2942263	2521787	16.67	4479097	15.81	-14.9	19862852	10.97			1358770	1220516	11.33	-14.19	2942263	2521787	16.67	4479097	15.81	-14.9	19862852	10.97	6188035	0	0	1890	1171970	18.94			20190308	302139664
201903	1201	味全	1598137	1380961	15.73	17.62	4540795	3917347	15.92	4540795	15.92	-8.15	20080028	11.48			1598137	1380961	15.73	17.62	4540795	3917347	15.92	4540795	15.92	-8.15	20080028	11.48	7384848	0	0	-18515	1153455	15.62			20190410	308547961
201904	1201	味全	1695994	1497842	13.23	6.12	6236394	5400590	15.48	4652901	13.5	-2.13	20278180	11.55			1695994	1497842	13.23	6.12	6236394	5400590	15.48	4652901	13.5	-2.13	20278180	11.55	7384848	0	0	2975	1156430	15.66			20190509	311249879
201905	1201	味全	1809938	1693716	6.86	6.72	8046332	7094306	13.42	5104069	11.62	13.95	20394402	10.87			1809938	1693716	6.86	6.72	8046332	7094306	13.42	5104069	11.62	13.95	20394402	10.87	7384848	0	0	20580	1177010	15.94			20190610	311249881
201906	1201	味全	1728231	1720797	0.43	-4.51	9773386	8828716	10.7	5234163	6.55	15.27	20401836	9.8			1728231	1720797	0.43	-4.51	9773386	8828716	10.7	5234163	6.55	15.27	20401836	9.8	6990788	0	0	-19310	1157700	16.56			20190710	315558687
201907	1201	味全	1850126	1899582	-2.6	7.05	11624689	10714685	8.49	5388295	1.4	15.81	20352380	8.64			1850126	1899582	-2.6	7.05	11624689	10714685	8.49	5388295	1.4	15.81	20352380	8.64	6990788	0	0	810	1158510	16.57			20190812	317443495
201908	1201	味全	2010851	1927383	4.33	8.69	13635540	12642068	7.86	5589208	0.75	9.5	20435848	8.27			2010851	1927383	4.33	8.69	13635540	12642068	7.86	5589208	0.75	9.5	20435848	8.27	6990788	0	0	161575	1320085	18.88			20190910	317445882
201909	1201	味全	1797271	1857221	-3.23	-10.62	15431845	14509560	6.36	5658248	-0.46	8.1	20375898	6.97			1797271	1857221	-3.23	-10.62	15431845	14509560	6.36	5658248	-0.46	8.1	20375898	6.97	7011393	0	0	-14255	1305830	18.62			20191009	324337084
201910	1201	味全	1739332	1772387	-1.86	-3.22	17172143	16271676	5.53	5547454	-0.17	2.95	20342843	5.62			1739332	1772387	-1.86	-3.22	17172143	16271676	5.53	5547454	-0.17	2.95	20342843	5.62	7011393	0	0	-24645	1281185	18.27			20191111	326563222
201911	1201	味全	1557497	1633866	-4.67	-10.45	18729640	17905542	4.6	5094100	-3.22	-8.86	20266474	5.27			1557497	1633866	-4.67	-10.45	18729640	17905542	4.6	5094100	-3.22	-8.86	20266474	5.27	7011393	0	0	-57750	1223435	17.45			20191210	326563252
201912	1201	味全	1499513	1536834	-2.43	-3.72	20229153	19442376	4.05	4796342	-2.97	-15.23	20229153	4.05			1499513	1536834	-2.43	-3.72	20229153	19442376	4.05	4796342	-2.97	-15.23	20229153	4.05	7011393	0	0	-19220	1204215	17.18			20200110	329656213
202001	1201	味全	1442127	1583493	-8.93	-3.83	1442127	1583493	-8.93	4499137	-5.36	-18.9	20087787	1.84			1442127	1583493	-8.93	-3.83	1442127	1583493	-8.93	4499137	-5.36	-18.9	20087787	1.84	7011393	0	0	11215	1215430	17.34			20200210	332766699
202002	1201	味全	1108658	1358770	-18.41	-23.12	2550785	2942263	-13.31	4050298	-9.57	-20.49	19837675	-0.13			1108658	1358770	-18.41	-23.12	2550785	2942263	-13.31	4050298	-9.57	-20.49	19837675	-0.13	7011393	0	0	-1770	1213660	17.31			20200310	335654326
