年月	股票代號	股票名稱	單月合併營收(千)	去年單月合併營收(千)	單月合併營收年成長(%)	單月合併營收月變動(%)	累計合併營收(千)	去年累計合併營收(千)	累計合併營收成長(%)	近三月合併營收(千)	近三月合併營收年成長(%)	近三月合併營收月變動(%)	近12月累計合併營收(千)	近12月營收合併成長(%)	預估年營收(千)	累計營收達成率(%)	單月營收(千)	去年單月營收(千)	單月營收年成長(%)	單月營收月變動(%)	累計營收(千)	去年累計營收(千)	累計營收成長(%)	近三月營收(千)	近三月營收年成長(%)	近三月營收月變動(%)	近12月累計營收(千)	近12月營收成長(%)	淨值(千)	資金貸放餘額(千)	資金貸放佔淨值比(%)	背書保證單月金額(千)	背書保證累計餘額(千)	背書保証累計餘額佔淨值比(%)	重要子公司本月營業收入淨額(千)	重要子公司本年累計營收淨額(千)	公告日	RTIME
200001	1217	愛之味															280805	202420	38.72	44.57	280805	202420	38.72	644635	-27.91	-19.99	2696996	-23.5	3992885			-110032	970172	24.3			20000210	
200002	1217	愛之味															163790	210313	-22.12	-41.67	444595	412733	7.72	638831	-30.17	-2.26	2650473	-24.94	3992885			0	969941	24.29			20000310	
200003	1217	愛之味															212134	239874	-11.56	29.52	656729	652607	0.63	656729	0.63	25.35	2622733	-25.6	4112407			-46104	923837	22.46			20000410	
200004	1217	愛之味															166234	159201	4.42	-21.64	822963	811808	1.37	542158	-11.03	-15.9	2629766	-23.75	4112407			0	923837	22.46			20000510	
200005	1217	愛之味															231950	136733	69.64	39.53	1054913	948541	11.21	610318	13.91	-4.46	2724983	-16.9	4112407			46395	970232	23.59			20000610	
200006	1217	愛之味															263778	321529	-17.96	13.72	1318691	1270070	3.83	661962	7.21	0.8	2667232	-19.83	3882461			46290	1016522	26.18			20000710	
200007	1217	愛之味															261345	179006	46	-0.92	1580036	1449076	9.04	757073	18.8	39.64	2749571	-14.76	3882461			93810	1110332	28.6			20000810	
200008	1217	愛之味															329262	321672	2.36	25.99	1909298	1770748	7.82	854385	3.91	39.99	2757161	-11.39	3882461			0	1110332	28.6			20000910	
200009	1217	愛之味															256720	323949	-20.75	-22.03	2166018	2094697	3.4	847327	2.75	28	2689932	-10.37	3797114			0	1110332	29.24			20001010	
200010	1217	愛之味															133984	160084	-16.3	-47.81	2300002	2254781	2.01	719966	-10.64	-4.9	2663832	-9.6	3797114			-46905	1063752	28.01			20001110	
200011	1217	愛之味															158962	169594	-6.27	18.64	2458964	2424375	1.43	549666	-15.91	-35.67	2653200	-9.34	3797114			46905	1110657	29.25			20001210	
200012	1217	愛之味															250590	194236	29.01	57.64	2709554	2618611	3.47	543536	3.75	-35.85	2709554	3.47	3523241			-772857	337800	9.59			20010110	
200101	1217	愛之味															216395	280805	-22.94	-13.65	216395	280805	-22.94	625947	-2.9	-13.06	2645144	-1.92	3523241			0	337800	9.59			20010210	
200102	1217	愛之味															147296	163790	-10.07	-31.93	363691	444595	-18.2	614281	-3.84	11.76	2628650	-0.82	3523241			-15590	322210	9.15			20010310	
200103	1217	愛之味															276628	212134	30.4	87.8	640319	656729	-2.5	640319	-2.5	17.81	2693144	2.68	3543039			15590	322210	9.09			20010410	
200104	1217	愛之味															107867	166234	-35.11	-61.01	748186	822963	-9.09	531791	-1.91	-15.04	2634777	0.19	3543039			0	322210	9.09			20010510	
200105	1217	愛之味															162881	231950	-29.78	51	911067	1054913	-13.64	547376	-10.31	-10.89	2565708	-5.84	3543039			16700	354500	10.01			20010610	
200106	1217	愛之味															301221	263778	14.19	84.93	1212288	1318691	-8.07	571969	-13.59	-10.67	2603151	-2.4	3458569			0	354500	10.25			20010710	
200107	1217	愛之味													3260127	45.26	263190	261345	0.71	-12.63	1475478	1580036	-6.62	727292	-3.93	36.76	2604996	-5.26	3458569			0	354500	10.25			20010810	
200108	1217	愛之味													3260127	60.81	506991	329262	53.98	92.63	1982469	1909298	3.83	1071402	25.4	95.73	2782725	0.93	3458569			0	354500	10.25			20010910	
200109	1217	愛之味													3260127	70.37	311664	256720	21.4	-38.53	2294133	2166018	5.91	1081845	27.68	89.14	2837669	5.49	3490354			0	354500	10.16			20011010	
200110	1217	愛之味													3260127	76.44	197844	133984	47.66	-36.52	2491977	2300002	8.35	1016499	41.19	39.76	2901529	8.92	3490354			0	354500	10.16			20011110	
200111	1217	愛之味													3260127	83.39	226752	158962	42.65	14.61	2718729	2458964	10.56	736260	33.95	-31.28	2969319	11.91	3490354			0	354500	10.16			20011210	
200112	1217	愛之味					3554357								3260127	92.69	303059	250590	20.94	33.65	3021788	2709554	11.52	727655	33.87	-32.74	3021788	11.52	3350671			0	354500	10.58			20020110	
200201	1217	愛之味															265773	216395	22.82	-12.3	265773	216395	22.82	795584	27.1	-21.73	3071166	16.11	3350671			0	354500	10.58			20020210	
200202	1217	愛之味															203319	147296	38.03	-23.5	469092	363691	28.98	772151	25.7	4.87	3127189	18.97	3350671			0	418070	12.48			20020310	
200203	1217	愛之味															209628	276628	-24.22	3.1	678720	640319	6	678720	6	-6.73	3060189	13.63	3285415			0	420510	12.8			20020410	
200204	1217	愛之味															282346	107867	161.75	34.69	961066	748186	28.45	695293	30.75	-12.61	3234668	22.77	3285415			0	411060	12.51			20020510	
200205	1217	愛之味													3904603	31.76	279172	162881	71.4	-1.12	1240238	911067	36.13	771146	40.88	-0.13	3350959	30.61	3285415			0	306706	9.34			20020610	
200206	1217	愛之味													3904603	39.68	309066	301221	2.6	10.71	1549304	1212288	27.8	870584	52.21	28.27	3358804	29.03	3261173			0	297923	9.14			20020710	
200207	1217	愛之味													3904603	49.57	386372	263190	46.8	25.01	1935676	1475478	31.19	974610	34.01	40.17	3481986	33.67	3261173			0	303611	9.31			20020810	
200208	1217	愛之味													3904603	64.02	563865	506991	11.22	45.94	2499541	1982469	26.08	1259303	17.54	63.3	3538860	27.17	3261173			19425	324381	9.95			20020910	
200209	1217	愛之味													3904603	73.71	378380	311664	21.41	-32.9	2877921	2294133	25.45	1328617	22.81	52.61	3605576	27.06	3308577			500	326420	9.87			20021010	
200210	1217	愛之味													3904603	81.42	301184	197844	52.23	-20.4	3179105	2491977	27.57	1243429	22.32	27.58	3708916	27.83	3308577			500	322320	9.74			20021110	
200211	1217	愛之味													3904603	90.81	366559	226752	61.66	21.71	3545664	2718729	30.42	1046123	42.09	-16.93	3848723	29.62	3308577			1500	323400	9.77			20021210	
200212	1217	愛之味						3554357							3904603	101.2	405675	303059	33.86	10.67	3951339	3021788	30.76	1073418	47.52	-19.21	3951339	30.76	3445017			0	321180	9.32			20030110	
200301	1217	愛之味															514222	265773	93.48	26.76	514222	265773	93.48	1286456	61.7	3.46	4199788	36.75	3445017			0	322080	9.35			20030210	
200302	1217	愛之味															178483	203319	-12.22	-65.29	692705	469092	47.67	1098380	42.25	5	4174952	33.5	3445017			1500	319860	9.28			20030310	
200303	1217	愛之味															309736	209628	47.76	73.54	1002441	678720	47.7	1002441	47.7	-6.61	4275060	39.7	3518171			0	321120	9.13			20030410	
200304	1217	愛之味															313021	282346	10.86	1.06	1315462	961066	36.88	801240	15.24	-37.72	4305735	33.11	3518171			0	320520	9.11			20030510	
200305	1217	愛之味															342542	279172	22.7	9.43	1658004	1240238	33.68	965299	25.18	-12.12	4369105	30.38	3518171			0	328480	9.34			20030610	
200306	1217	愛之味															369805	309066	19.65	7.96	2027809	1549304	30.89	1025368	17.78	2.29	4429844	31.89	3567550			20000	348960	9.78			20030710	
200307	1217	愛之味															469574	386372	21.53	26.98	2497383	1935676	29.02	1181921	21.27	47.51	4513046	29.61	3567550			0	347700	9.75			20030810	
200308	1217	愛之味															574559	563865	1.9	22.36	3071942	2499541	22.9	1413938	12.28	46.48	4523740	27.83	3567550			11500	356620	10			20030910	
200309	1217	愛之味															322588	378380	-14.74	-43.85	3394530	2877921	17.95	1366721	2.87	33.29	4467948	23.92	3670989			3000	352000	9.59			20031010	
200310	1217	愛之味															277887	301184	-7.74	-13.86	3672417	3179105	15.52	1175034	-5.5	-0.58	4444651	19.84	3670989			0	353260	9.62			20031110	
200311	1217	愛之味															250632	366559	-31.63	-9.81	3923049	3545664	10.64	851107	-18.64	-39.81	4328724	12.47	3670989			19500	373300	10.17			20031210	
200312	1217	愛之味					4784458										286896	405675	-29.28	14.47	4209945	3951339	6.54	815415	-24.04	-40.34	4209945	6.54	3658460			500	371420	10.15			20040110	
200401	1217	愛之味															387181	514222	-24.71	34.96	387181	514222	-24.71	924709	-28.12	-21.3	4082904	-2.78	3658460			62063	429943	11.75			20040210	
200402	1217	愛之味															209319	178483	17.28	-45.94	596500	692705	-13.89	883396	-19.57	3.79	4113740	-1.47	3658460			50000	477623	13.06			20040310	
200403	1217	愛之味															426929	309736	37.84	103.96	1023429	1002441	2.09	1023429	2.09	25.51	4230933	-1.03	3732165			0	471380	12.63			20040410	
200404	1217	愛之味															292593	313021	-6.53	-31.47	1316022	1315462	0.04	928841	15.93	0.45	4210505	-2.21	3732165			0	477979	12.81			20040510	
200405	1217	愛之味															336615	342542	-1.73	15.05	1652637	1658004	-0.32	1056137	9.41	19.55	4204578	-3.77	3732165			0	488163	13.08			20040610	
200406	1217	愛之味															382419	369805	3.41	13.61	2035056	2027809	0.36	1011627	-1.34	-1.15	4217192	-4.8	3752867	30000	0.8	4226	485658	12.94			20040710	
200407	1217	愛之味															377928	469574	-19.52	-1.17	2412984	2497383	-3.38	1096962	-7.19	18.1	4125546	-8.59	3752867	25300	0.67	0	487740	13			20040810	
200408	1217	愛之味															616485	574559	7.3	63.12	3029469	3071942	-1.38	1376832	-2.62	30.36	4167472	-7.88	3752867	25000	0.67	0	487290	12.98			20040910	
200409	1217	愛之味															397356	322588	23.18	-35.54	3426825	3394530	0.95	1391769	1.83	37.58	4242240	-5.05	3695935	24000	0.65	2254	484642	13.11			20041010	
200410	1217	愛之味															278539	277887	0.23	-29.9	3705364	3672417	0.9	1292380	9.99	17.81	4242892	-4.54	3695935	98274	2.66	436883	918418	24.85			20041110	
200411	1217	愛之味															310142	250632	23.74	11.35	4015506	3923049	2.36	986037	15.85	-28.38	4302402	-0.61	3695935	98274	2.66	0	910807	24.64			20041210	
200412	1217	愛之味						4784458									217379	286896	-24.23	-29.91	4232885	4209945	0.54	806060	-1.15	-42.08	4232885	0.54	3650301	122683	3.36	7940	906138	24.82			20050110	
200501	1217	愛之味															436519	387181	12.74	100.81	436519	387181	12.74	964040	4.25	-25.41	4282223	4.88	3650301	146703	4.02	-12595	877645	24.04			20050210	
200502	1217	愛之味															217048	209319	3.69	-50.28	653567	596500	9.57	870946	-1.41	-11.67	4289952	4.28	3650301	146497	4.01	0	872004	23.89			20050310	
200503	1217	愛之味															330984	426929	-22.47	52.49	984551	1023429	-3.8	984551	-3.8	22.14	4194007	-0.87	3754642	153952	4.1	29101	900916	23.99			20050410	
200504	1217	愛之味															237780	292593	-18.73	-28.16	1222331	1316022	-7.12	785812	-15.4	-18.49	4139194	-1.69	3754642	161595	4.3	40000	936624	24.95			20050510	
200505	1217	愛之味															409091	336615	21.53	72.05	1631422	1652637	-1.28	977855	-7.41	12.28	4211670	0.17	3754642	153444	4.09	0	921667	24.55			20050610	
200506	1217	愛之味					2711991										422159	382419	10.39	3.19	2053581	2035056	0.91	1069030	5.67	8.58	4251410	0.81	3781069	135649	3.59	-20513	896910	23.72			20050710	
200507	1217	愛之味															533274	377928	41.1	26.32	2586855	2412984	7.21	1364524	24.39	73.65	4406756	6.82	3781069	143032	3.78	0	902483	23.87			20050810	
200508	1217	愛之味															576120	616485	-6.55	8.03	3074700	3029467	1.49	1531553	11.24	56.62	4366391	4.77	3781069	158754	4.2		918254	24.29			20050910	
200509	1217	愛之味															400435	397356	0.77	-30.49	3475135	3426823	1.41	1509829	8.48	41.23	4369470	3	3903870	168568	4.32	-8308	910863	23.33			20051010	
200510	1217	愛之味															332842	278539	19.5	-16.88	3807977	3705361	2.77	1309397	1.32	-4.04	4423773	4.26	3903870	319299	8.18	7258	918121	23.52			20051110	
200511	1217	愛之味															331745	310142	6.97	-0.33	4139722	4015506	3.09	1065022	8.01	-30.46	4445376	3.32	3903870	294235	7.54	-12000	894033	22.9			20051210	
200512	1217	愛之味					6118540										364553	217379	67.7	9.89	4504275	4232885	6.41	1029140	27.68	-31.84	4592550	6.41	3954747	150121	3.8	-52820	845867	21.39			20060110	
200601	1217	愛之味															486382	436519	11.42	33.42	486382	436519	11.42	1182680	22.68	-9.68	4642413	8.41	3954747	149496	3.78	10000	852810	21.56			20060210	
200602	1217	愛之味															218909	217048	0.86	-54.99	705291	653567	7.91	1069844	22.84	0.45	4644274	8.26	3954747	136647	3.46		849878	21.49			20060310	
200603	1217	愛之味															289130	324119	-10.8	32.08	994421	977686	1.71	994421	1.71	-3.37	4602420	9.92	4039453	146370	3.62	-18128	839972	20.79			20060410	
200604	1217	愛之味															340311	224840	51.36	17.7	1334732	1209391	10.36	848350	10.75	-28.27	4704951	14.21	4039453	146017	3.61		843252	20.88			20060510	
200605	1217	愛之味															396954	377412	5.18	16.64	1731686	1599743	8.25	1026395	10.8	-4.06	4692814	12.8	4039453	146866	3.64		853702	21.13			20060610	
200606	1217	愛之味					2962582	2711991	9.24								352583	400198	-11.9	-11.18	2084331	1980136	5.26	1089848	8.72	9.6	4623238	10.66	4064063	156389	3.85	-8105	834381	20.53			20060710	
200607	1217	愛之味															712256	518444	37.38	102.01	2796587	2498580	11.93	1461793	12.79	72.31	4802220	11.2	4064063	157858	3.88	10000	851129	20.94			20060810	
200608	1217	愛之味															394725	576120	-31.49	-44.58	3191250	3074700	3.79	1459564	-2.35	42.2	4620825	8.01	4064063	168778	4.15	0	856270	21.07			20060910	
200609	1217	愛之味															489909	400435	22.34	24.11	3681159	3475135	5.93	1596890	6.82	46.52	4710299	10.02	4164395	178954	4.3	-8288	845726	20.31			20061010	
200610	1217	愛之味															264969	332842	-20.39	-45.91	3946128	3807977	3.63	1149603	-12.2	-21.36	4642426	7.08	4164395	180158	4.33		967901	23.24			20061110	
200611	1217	愛之味															266385	331745	-19.7	0.53	4212513	4139722	1.76	1021263	-4.11	-30.03	4577066	5.05	4164395	178599	4.29	50000	1020300	24.5			20061210	
200612	1217	愛之味					6238893	6118540	1.97					1.97			304503	364553	-16.47	14.31	4517016	4504275	0.28	835857	-18.78	-47.66	4517016	0.28	3842639	188239	4.9	-173179	849025	22.09			20070110	
200701	1217	愛之味															314802	486382	-35.28	3.38	314802	486382	-35.28	885690	-25.11	-22.96	4345436	-4.58	3842639	223445	5.81		850267	22.13			20070210	
200702	1217	愛之味															286743	218909	30.99	-8.91	601545	705291	-14.71	906048	-15.31	-11.28	4413270	-3.13	3842639	223951	5.83		850250	22.13			20070310	
200703	1217	愛之味															270075	289130	-6.59	-5.81	871620	994421	-12.35	871620	-12.35	4.28	4394215	-2.8	3980200	233636	5.87	-32570	818187	20.56			20070410	
200704	1217	愛之味															285267	340311	-16.17	5.63	1156887	1334732	-13.32	842085	-0.74	-4.92	4339171	-6.41	3980200	290364	7.3		818847	20.57			20070510	
200705	1217	愛之味															395998	396954	-0.24	38.82	1552885	1731686	-10.33	951340	-7.31	5	4338215	-6.83	3980200	310033	7.79		817992	20.55			20070610	
200706	1217	愛之味					2498320	2962582	-15.67								337996	352583	-4.14	-14.65	1890881	2084269	-9.28	1019261	-6.48	16.94	4323628	-6.18	3901875	260261	6.67	-1000	816497	20.93			20070710	
200707	1217	愛之味															524693	712256	-26.33	55.24	2415574	2796525	-13.62	1258687	-13.89	49.47	4136065	-13.87	3901875	257163	6.59	-98580	717767	18.4			20070810	
200708	1217	愛之味															641682	394725	62.56	22.3	3057256	3191250	-4.2	1504371	3.07	58.13	4383022	-5.15	3901875	262000	6.71	-50000	667767	17.11			20070910	
200709	1217	愛之味															363500	489909	-25.8	-43.35	3420756	3681159	-7.07	1529875	-4.2	50.1	4256613	-9.63	3997307	266160	6.66		667767	16.71			20071010	
200710	1217	愛之味															324566	264969	22.49	-10.71	3745322	3946128	-5.09	1329748	15.67	5.65	4316210	-7.03	3997307	56576	1.42	197424	865191	21.64			20071110	
200711	1217	愛之味															230492	266385	-13.47	-28.98	3975814	4212575	-5.62	918558	-10.06	-38.94	4280317	-6.48	3997307	56576		-13000	851263				20071210	
200712	1217	愛之味					5634237	6238893	-9.69					-9.69			234348	304503	-23.04	1.67	4210162	4517016	-6.79	789406	-5.56	-48.4	4210162	-6.79	3558785	270128	7.59	-211552	640767	18.01			20080110	
200801	1217	愛之味															443472	314802	40.87	89.24	443472	314802	40.87	908312	2.55	-31.69	4338832	-0.15	3558785	270732	7.61		640767	18.01			20080210	
200802	1217	愛之味															206555	286743	-27.97	-53.42	650027	601545	8.06	884375	-2.39	-3.72	4258644	-3.5	3558785	262796	7.38		640767	18.01			20080310	
200803	1217	愛之味					1279682										330507	270075	22.38	60.01	980534	871620	12.5	980534	12.5	24.21	4319076	-1.71	3659030	259404	7.09	-5600	635167	17.36			20080410	
200804	1217	愛之味															241512	285267	-15.34	-26.93	1222046	1156887	5.63	778574	-7.54	-14.28	4275321	-1.47	3659030	302178	8.26		635167	17.36			20080509	
200805	1217	愛之味															296162	395998	-25.21	22.63	1518208	1552885	-2.23	868181	-8.74	-1.83	4175485	-3.75	3659030	312300	8.54		635167	17.36			20080609	
200806	1217	愛之味					2558954	2498320	2.43								307196	337996	-9.11	3.73	1825404	1890881	-3.46	844870	-17.11	-13.84	4144685	-4.14	4478045	328165	7.33		635167	14.18			20080708	
200807	1217	愛之味															400471	524693	-23.68	30.36	2225875	2415574	-7.85	1003829	-20.25	28.93	4020463	-2.79	4478045	329861	7.37		635167	14.18			20080808	
200808	1217	愛之味															562321	641682	-12.37	40.41	2788196	3057256	-8.8	1269988	-15.58	46.28	3941102	-10.08	4478045	309281	6.91		635167	14.18			20080909	
200809	1217	愛之味					4379551										274773	363500	-24.41	-51.14	3062969	3420756	-10.46	1237565	-19.11	46.48	3852375	-9.5	4423415	313377	7.08		635167	14.36			20081007	
200810	1217	愛之味															268488	324566	-17.28	-2.29	3331457	3745322	-11.05	1105582	-16.86	10.14	3796297	-12.05	4423415	353433	7.99		635167	14.36			20081107	
200811	1217	愛之味															233989	230492	1.52	-12.85	3565446	3975814	-10.32	777250	-15.38	-38.8	3799794	-11.23	4423415	380545		-5000	630167				20081208	
200812	1217	愛之味					5638901	5634237	0.08					0.08			260872	234348	11.32	11.49	3826318	4210162	-9.12	763349	-3.3	-38.32	3826318	-9.12	4385426	398409			621667				20090108	
200901	1217	愛之味															368861	443472	-16.82	41.4	368861	443472	-16.82	863722	-4.91	-21.88	3751707	-13.53	4385426	426849	9.73		621667	14.18			20090210	123563872
200902	1217	愛之味															231113	206555	11.89	-37.34	599974	650027	-7.7	860846	-2.66	10.76	3776265	-11.33	4385426	372158	8.49		621667	14.18			20090310	123563973
200903	1217	愛之味					1318104	1279682	3	1318104	3						354410	330507	7.23	53.35	954385	980534	-2.67	954385	-2.67	25.03	3800168	-12.01	4510420	361844	8.02	2500	624167	13.84			20090410	123564061
200904	1217	愛之味															247735	241512	2.58	-30.1	1202119	1222046	-1.63	833258	7.02	-3.53	3806391	-10.97	4510420	354160	7.85		624167	13.84			20090511	123564134
200905	1217	愛之味															303733	296162	2.56	22.6	1505852	1518208	-0.81	905878	4.34	5.23	3813962	-8.66	4510420	356768	7.91		624167	13.84			20090610	123380107
200906	1217	愛之味					2537216	2558954	-0.85								346893	307196	12.92	14.21	1852744	1793915	3.28	898361	6.33	-5.87	3853659	-7.02	4644188	421984	9.09	-100000	524167	11.29			20090710	123380155
200907	1217	愛之味															326471	400471	-18.48	-5.89	2179216	2225875	-2.1	977097	-2.66	17.26	3779659	-5.99	4644188	445184	9.59		524167	11.29			20090810	123380262
200908	1217	愛之味															610766	562321	8.62	87.08	2789982	2788196	0.06	1284130	1.11	41.76	3828104	-2.87	4644188	435888	9.39	30000	554167	11.93			20090910	123380370
200909	1217	愛之味					4345553	4379551	-0.78								424252	274773	54.4	-30.54	3214234	3062970	4.94	1361489	10.01	51.55	3977583	3.25	4744791	437556	9.22		554167	11.68			20091012	123380480
200910	1217	愛之味															242546	268488	-9.66	-42.83	3456780	3331457	3.76	1277564	15.56	30.75	3951641	4.09	4744791	464860	9.8	7500	561667	11.84			20091110	123380594
200911	1217	愛之味															257505	233989	10.05	6.17	3714285	3565446	4.17	924303	18.92	-28.02	3975157	4.62	4744791	465588	9.81	-5000	556667	11.73			20091210	123380709
200912	1217	愛之味					5336027	5638901	-5.37				5336027	-5.37			209487	260872	-19.7	-18.65	3923773	3826320	2.55	709538	-7.05	-47.89	3923773	2.55	4615698	444436	9.63	65000	621667	13.47			20100111	123380823
201001	1217	愛之味															390349	368861	5.83	86.34	390349	368861	5.83	857341	-0.74	-32.89	3945260	5.16	4615698	444372	9.63	50000	671667	14.55			20100210	123380862
201002	1217	愛之味															341675	231113	47.84	-12.47	732024	599974	22.01	941511	9.37	1.86	4055822	7.4	4615698	420980	9.12	10000	681667	14.77			20100310	123380984
201003	1217	愛之味					1198450	1318104	-9.08	1198450	-9.08						232816	354410	-34.31	-31.86	964838	954385	1.1	964838	1.1	35.98	3934228	3.53	4633876	413220	8.92	-10000	671667	14.49			20100412	123381106
201004	1217	愛之味															207415	247735	-16.28	-10.91	1172255	1202119	-2.48	781906	-6.16	-8.8	3893908	2.3	4633876	404532	8.73		671667	14.49			20100510	123381213
201005	1217	愛之味															234766	303733	-22.71	13.19	1407021	1505852	-6.56	674997	-25.49	-28.31	3824941	0.29	4633876	193700	4.18	100000	771667	16.65			20100618	123381342
201006	1217	愛之味					2331849	2537216	-8.09								314686	346893	-9.28	34.04	1721706	1852744	-7.07	756867	-15.75	-21.56	3792734	-1.58	4648294	268700	5.78	0	771667	16.6			20100712	123381471
201007	1217	愛之味															405479	326471	24.2	28.85	2127186	2179216	-2.39	954931	-2.27	22.13	3871742	2.44	4648294	245500	5.28	0	771667	16.6			20100810	123381604
201008	1217	愛之味															542025	610766	-11.25	33.68	2669211	2789982	-4.33	1262190	-1.71	86.99	3803001	-0.66	4648294	248500	5.35	-30000	741667	15.96			20100909	123381736
201009	1217	愛之味					3956404	4345553	-8.96								262298	424252	-38.17	-51.61	2931508	3214234	-8.8	1209802	-11.14	59.84	3641047	-8.46	4756653	259000	5.45	152504	894171	18.8			20101011	123381869
201010	1217	愛之味															308734	242546	27.29	17.7	3240243	3456780	-6.26	1113057	-12.88	16.56	3707235	-6.18	4756653	249000	5.23	29764	923935	19.42			20101108	123382006
201011	1217	愛之味															201061	257505	-21.92	-34.88	3441304	3714285	-7.35	772093	-16.47	-38.83	3650791	-8.16	4756653	247000	5.19	-90074	833861	17.53			20101210	123382143
201012	1217	愛之味					4997234	5336027	-6.35				4997234	-6.35			179663	209487	-14.24	-10.64	3620966	3923773	-7.72	689458	-2.83	-43.01	3620966	-7.72	4831865	394000	8.15	-52742	781119	16.17			20110110	123382279
201101	1217	愛之味															323491	390349	-17.13	80.05	323491	390349	-17.13	704215	-17.86	-36.73	3554109	-9.91	4831865	394000	8.15	59962	841081	17.41			20110210	123382329
201102	1217	愛之味															164641	341675	-51.81	-49.1	488132	732024	-33.32	667795	-29.07	-13.51	3377075	-16.74	4831865	358000	7.41	-49718	791363	16.38			20110310	123382472
201103	1217	愛之味					1036604	1200823	-13.68	1036604	-13.68						267008	232816	14.69	62.18	755140	964838	-21.73	755140	-21.73	9.53	3411267	-13.29	4844560	322000	6.65	-136	791227	16.33			20110408	123382615
201104	1217	愛之味															210202	207415	1.34	-21.28	965342	1172255	-17.65	641851	-17.91	-8.86	3414054	-12.32	4844560	322000	6.65	49686	840913	17.36			20110510	123382740
201105	1217	愛之味															222869	234766	-5.07	6.03	1188211	1407021	-15.55	700079	3.72	4.83	3402157	-11.05	4844560	322000	6.65	-149982	690931	14.26			20110610	123382887
201106	1217	愛之味					2086592	2336646	-10.7								265414	314686	-15.66	19.09	1453624	1721706	-15.57	698485	-7.71	-7.5	3352885	-11.6	4888254	242000	4.95	150026	840957	17.2			20110711	123383035
201107	1217	愛之味															372036	405479	-8.25	40.17	1825661	2127186	-14.17	860319	-9.91	34.04	3319442	-14.26	4888254	242000	4.95	100042	940999	19.25			20110810	123383185
201108	1217	愛之味															445076	542025	-17.89	19.63	2270737	2669211	-14.93	1082526	-14.23	54.63	3222493	-15.26	4888254	529000	10.82	70	941069	19.25			20110913	123383336
201109	1217	愛之味					3344986	3963257	-15.6								270518	262298	3.13	-39.22	2541254	2931508	-13.31	1087630	-10.1	55.71	3230713	-11.27	5459733	369000	6.76	-29410	911659	16.7			20111011	123383722
201110	1217	愛之味															233256	308734	-24.45	-13.77	2774511	3240243	-14.37	948850	-14.75	10.29	3155235	-14.89	5459733	369000	6.76	29776	941435	17.24			20111110	123383876
201111	1217	愛之味															201158	201061	0.05	-13.76	2975669	3441304	-13.53	704932	-8.7	-34.88	3155332	-13.57	5459733	369000	6.76	164	941599	17.25			20111212	123384031
201112	1217	愛之味					4643615	4997234	-7.08				4643615	-7.08			342088	179663	90.41	70.06	3312199	3620966	-8.53	776502	12.62	-28.61	3312199	-8.53	5311155	382000	7.19	-274089	667510	12.57			20120110	123384185
201201	1217	愛之味	256550				256550										180185	323491	-44.3	-47.33	180185	323491	-44.3	723431	2.73	-23.76	3174451	-10.68	5311155	382000	7.19	-90278	577232	10.87			20120210	93531750
201202	1217	愛之味	225102			-12.26	481652										165097	164641	0.28	-8.37	345282	488132	-29.26	687370	2.93	-2.49	3174907	-5.99	5311155	382000	7.19	-61832	515400	9.7			20120312	93532313
201203	1217	愛之味	413675			83.77	943077	1036604	-9.02	943077	-9.02						332610	267008	24.57	101.46	677891	755140	-10.23	677891	-10.23	-12.7	3240509	-5.01	5264928	382000	7.26	0	515400	9.79			20120410	123384555
201204	1217	愛之味	295739			-28.51	1191066			934516							220641	210202	4.97	-33.66	898533	965342	-6.92	718348	11.92	-0.7	3250948	-4.78	5264928	382000	7.26	90000	605400	11.5			20120510	93533529
201205	1217	愛之味	301905			2.08	1492971			1011319							225994	222869	1.4	2.43	1124527	1188211	-5.36	779245	11.31	13.37	3254073	-4.35	5264928	382000	7.26	-100000	505400	9.6			20120611	93533782
201206	1217	愛之味	405752			34.4	2019319	2095737	-3.65	1003396		6.4					336132	265414	26.64	48.73	1460659	1453624	0.48	782767	12.07	15.47	3324791	-0.84	5251118	369000	7.03	-50000	455400	8.67			20120710	123385009
201207	1217	愛之味	489462			20.63	2388185			1197119		28.1					375101	372036	0.82	11.59	1835760	1825661	0.55	937227	8.94	30.47	3327856	0.25	5251118	119000	2.27	-130000	325400	6.2			20120810	95451627
201208	1217	愛之味	643789			31.53	3031974			1539003		52.18					551887	445076	24	47.13	2387647	2270737	5.15	1263120	16.68	62.1	3434667	6.58	5251118	119000	2.27	-30000	295400	5.63			20120910	98353152
201209	1217	愛之味	470988			-26.84	3745103	3377572	10.88	1604239		59.88					346530	270518	28.1	-37.21	2734178	2541254	7.59	1273518	17.09	62.69	3510679	8.67	5283090	119000	2.25	43338	338738	6.41			20121011	123385508
201210	1217	愛之味	259134			-44.98	3762096			1373911		14.77					201670	233256	-13.54	-41.8	2935847	2774511	5.81	1100087	15.94	17.38	3479093	10.26	5283090	119000	2.25	485	339223	6.42			20121112	104553168
201211	1217	愛之味	258348			-0.3	4020444			988470		-35.77					220344	201158	9.54	9.26	3156191	2975669	6.07	768544	9.02	-39.16	3498279	10.87	5283090	119000	2.25	-240	338983	6.42			20121210	107453187
201212	1217	愛之味	396929			53.64	4782888	4643615	3	914411		-43	4782888	3			347473	342088	1.57	57.7	3503663	3312199	5.78	769487	-0.9	-39.58	3503663	5.78	5238614	119000	2.27	-135783	203200	3.88			20130110	123386031
201301	1217	愛之味	284578	256550	10.92	-28.31	284578	256550	10.92	939855		-31.59	4445401				284578	256550	10.92	-18.1	284578	256550	10.92	852395	17.83	-22.52	3608057	13.66	5238614	119000	2.27	0	203200	3.88			20130218	113655055
201302	1217	愛之味	260450	225102	15.7	-8.48	545028	481652	13.16	941957		-4.71	4480749				260450	225102	15.7	-8.48	545028	481652	13.16	892501	29.84	16.13	3703410	16.65	5238614	119000	2.27	0	203200	3.88			20130311	116456951
201303	1217	愛之味	329496	413675	-20.35	26.51	886485	895327	-0.99	886485	-0.99	-3.05	4396570				329496	413675	-20.35	26.51	886485	895327	-0.99	886485	-0.99	15.2	3700296	14.19	5234834	119000	2.27	-30000	173200	3.31			20130410	119558653
201304	1217	愛之味	321280	295739	8.64	-2.49	1195804	1191066	0.4	911226	-2.49	-3.05	4422111				321280	295739	8.64	-2.49	1195804	1191066	0.4	911226	26.85	6.9	3800935	16.92	5234834	119000	2.27	-140000	33200	0.63			20130510	123850125
201305	1217	愛之味	387196	301905	28.25	20.52	1583000	1492971	6.03	1037972	2.64	10.19	4507402				387196	301905	28.25	20.52	1583000	1492971	6.03	1037972	33.2	16.3	3962137	21.76	5234834	119000	2.27	0	33200	0.63			20130610	123850137
201306	1217	愛之味	433712	405752	6.89	12.01	2017125	1898723	6.24	1142188	13.83	28.84	4535362				433712	405752	6.89	12.01	2017125	1898723	6.24	1142188	45.92	28.84	4059717	22.1	5166887	119000	2.3	0	33200	0.64			20130710	123850148
201307	1217	愛之味	536326	489462	9.57	23.66	2553038	2388185	6.9	1357234	13.38	48.95	4582226				536326	489462	9.57	23.66	2553038	2388185	6.9	1357234	44.81	48.95	4220942	26.84	5166887	219000	4.24	0	33200	0.64			20130812	123850161
201308	1217	愛之味	602052	643789	-6.48	12.25	3155090	3031974	4.06	1572090	2.15	51.46	4540489				602052	643789	-6.48	12.25	3155090	3031974	4.06	1572090	24.46	51.46	4271107	24.35	5166887	155000	3	0	33200	0.64			20130910	123850172
201309	1217	愛之味	415275	470988	-11.83	-31.02	3564792	3502961	1.77	1553653	-3.15	36.02	4484776				415275	470988	-11.83	-31.02	3564792	3502961	1.77	1553653	22	36.02	4339852	23.62	5111041	155000	3.03	0	33200	0.65			20131011	123850185
201310	1217	愛之味	261488	259134	0.91	-37.03	3831853	3762096	1.85	1278815	-6.92	-5.78	4487130				261488	259134	0.91	-37.03	3831853	3762096	1.85	1278815	16.25	-5.78	4399670	26.46	5111041	155000	3.03	0	33200	0.65			20131111	123850197
201311	1217	愛之味	209140	258348	-19.05	-20.02	4040993	4020444	0.51	885903	-10.38	-43.65	4437922				209140	258348	-19.05	-20.02	4040993	4020444	0.51	885903	15.27	-43.65	4388466	25.45	5111041	155000	3.03	0	33200	0.65			20131210	123850209
201312	1217	愛之味	446325	396929	12.44	113.41	4479802	4417373	1.41	916953	0.28	-40.98	4479802	1.41			446325	396929	12.44	113.41	4479802	4417373	1.41	916953	19.16	-40.98	4479802	1.41	5054228	155000	3.07	0	33200	0.66			20140110	123850222
201401	1217	愛之味	314326	284578	10.45	-29.57	314326	284578	10.45	969791	3.19	-24.16	4517066	1.61			314326	284578	10.45	-29.57	314326	284578	10.45	969791	13.77	-24.16	4517066	25.19	5054228	155000	3.07	-12100	21100	0.42			20140210	123850228
201402	1217	愛之味	233978	260450	-10.16	-25.56	548304	545028	0.6	994629	5.59	12.27	4490594	0.22			233978	260450	-10.16	-25.56	548304	545028	0.6	994629	11.44	12.27	4490594	21.26	5054228	155000	3.07	0	21100	0.42			20140310	123850241
201403	1217	愛之味	305956	329496	-7.14	30.76	853255	886485	-3.75	853255	-3.75	-6.95	4467054	1.6			305956	329496	-7.14	30.76	853255	886485	-3.75	853255	-3.75	-6.95	4467054	20.72	4916575	155000	3.15	0	21100	0.43			20140410	123850254
201404	1217	愛之味	298616	321280	-7.05	-2.4	1152876	1195804	-3.59	838550	-7.98	-13.53	4444390	0.5			298616	321280	-7.05	-2.4	1152876	1195804	-3.59	838550	-7.98	-13.53	4444390	16.93	4916575	155000	3.15	0	21100	0.43			20140512	123850265
201405	1217	愛之味	359451	387196	-7.17	20.37	1512327	1583000	-4.46	964023	-7.12	-3.08	4416645	-2.01			359451	387196	-7.17	20.37	1512327	1583000	-4.46	964023	-7.12	-3.08	4416645	11.47	4916575	155000	3.15	0	21100	0.43			20140610	125652433
201406	1217	愛之味	442173	433712	1.95	23.01	1956775	2017125	-2.99	1100240	-3.67	28.95	4425106	-2.43			442173	433712	1.95	23.01	1956775	2017125	-2.99	1100240	-3.67	28.95	4425106	9	5412630	155000	2.86	0	21100	0.39			20140710	134852318
201407	1217	愛之味	592324	536326	10.44	33.96	2546824	2553038	-0.24	1393948	2.71	66.23	4481104	-2.21			592324	536326	10.44	33.96	2546824	2553038	-0.24	1393948	2.71	66.23	4481104	6.16	5412630	153000	2.83	0	21100	0.39			20140811	134852330
201408	1217	愛之味	537737	602052	-10.68	-9.22	3084561	3155090	-2.24	1572234	0.01	63.09	4416789	-2.72			537737	602052	-10.68	-9.22	3084561	3155090	-2.24	1572234	0.01	63.09	4416789	3.41	5412630	153000	2.83	0	21100	0.39			20140910	134852340
201409	1217	愛之味	425251	415275	2.4	-20.92	3509907	3564792	-1.54	1555312	0.11	41.36	4426765	-1.29			425251	415275	2.4	-20.92	3509907	3564792	-1.54	1555312	0.11	41.36	4426765	2	5346687	153000	2.86	0	21100	0.39			20141013	143236872
201410	1217	愛之味	288753	261488	10.43	-32.1	3798565	3831853	-0.87	1251741	-2.12	-10.2	4454030	-0.74			288753	261488	10.43	-32.1	3798565	3831853	-0.87	1251741	-2.12	-10.2	4454030	1.24	5346687	153000	2.86	0	21100	0.39			20141110	143952251
201411	1217	愛之味	230199	209140	10.07	-20.28	4028764	4040993	-0.3	944203	6.58	-39.95	4475089	0.84			230199	209140	10.07	-20.28	4028764	4040993	-0.3	944203	6.58	-39.95	4475089	1.97	5346687	153000	2.86	0	21100	0.39			20141210	143952258
201412	1217	愛之味	272386	446325	-38.97	18.33	4283751	4479802	-4.38	791338	-13.7	-49.12	4283751	-4.38			272386	446325	-38.97	18.33	4283751	4479802	-4.38	791338	-13.7	-49.12	4283751	-4.38	5341156	153000	2.86	0	21100	0.39			20150112	156051428
201501	1217	愛之味	340294	314326	8.26	24.93	340294	314326	8.26	842879	-13.09	-32.66	4327118	-4.21			340294	314326	8.26	24.93	340294	314326	8.26	842879	-13.09	-32.66	4327118	-4.21	5341156	153000	2.86	-13100	8000	0.15			20150210	156051433
201502	1217	愛之味	343246	233978	46.7	0.87	683540	548304	24.66	955926	-3.89	1.24	4436386	-1.21			343246	233978	46.7	0.87	683540	548304	24.66	955926	-3.89	1.24	4436386	-1.21	5341156	153000	2.86	0	8000	0.15			20150310	156051438
201503	1217	愛之味	328706	305956	7.44	-4.24	1016187	853255	19.1	1016187	19.1	28.41	4459136	-0.18			328706	305956	7.44	-4.24	1016187	853255	19.1	1016187	19.1	28.41	4459136	-0.18	5249939	153000	2.91	0	8000	0.15			20150410	162152332
201504	1217	愛之味	323942	298616	8.48	-1.45	1336188	1152876	15.9	995894	18.76	18.15	4484462	0.9			323942	298616	8.48	-1.45	1336188	1152876	15.9	995894	18.76	18.15	4484462	0.9	5249939	153000	2.91	0	8000	0.15			20150511	162152340
201505	1217	愛之味	359323	359451	-0.04	10.92	1695511	1512327	12.11	1011971	4.97	5.86	4484334	1.53			359323	359451	-0.04	10.92	1695511	1512327	12.11	1011971	4.97	5.86	4484334	1.53	5249939	153000	2.91	122000	130000	2.48			20150610	162159534
201506	1217	愛之味	466578	442173	5.52	29.85	2159610	1956775	10.37	1149843	4.51	13.15	4508739	1.89			466578	442173	5.52	29.85	2159610	1956775	10.37	1149843	4.51	13.15	4508739	1.89	5168743	153000	2.96	0	130000	2.52			20150710	171352337
201507	1217	愛之味	601653	592324	1.57	28.95	2763742	2546824	8.52	1427554	2.41	43.34	4518068	0.82			601653	592324	1.57	28.95	2763742	2546824	8.52	1427554	2.41	43.34	4518068	0.82	5168743	55000	1.05	0	130000	2.52			20150810	171352345
201508	1217	愛之味	684221	537737	27.24	13.72	3447963	3084561	11.78	1752452	11.46	73.17	4664552	5.61			684221	537737	27.24	13.72	3447963	3084561	11.78	1752452	11.46	73.17	4664552	5.61	5168743	0	0	0	130000	2.52			20150910	171352350
201509	1217	愛之味	391263	425251	-7.99	-42.82	3291803	2957061	11.32	1677137	7.83	45.86	4630564	4.6			391263	425251	-7.99	-42.82	3291803	2957061	11.32	1677137	7.83	45.86	4630564	4.6	5464941	0	0	990100	1120100	20.5			20151012	180452335
201510	1217	愛之味	242388	288753	-16.06	-38.05	4081614	3798565	7.45	1317872	5.28	-7.68	4584199	2.92			242388	288753	-16.06	-38.05	4081614	3798565	7.45	1317872	5.28	-7.68	4584199	2.92	5464941	0	0	337100	1457200	26.66			20151110	180452343
201511	1217	愛之味	235723	230199	2.4	-2.75	4317336	4028764	7.16	869374	-7.93	-50.39	4589723	2.56			235723	230199	2.4	-2.75	4317336	4028764	7.16	869374	-7.93	-50.39	4589723	2.56	5464941	0	0	4500	1461700	26.75			20151210	180456830
201512	1217	愛之味	247994	272386	-8.95	5.21	4019258	3581672	12.22	726105	-8.24	-56.71	4019258	12.22			247994	272386	-8.95	5.21	4019258	3581672	12.22	726105	-8.24	-56.71	4019258	12.22	5400185	0	0	-1950	1459750	27.03			20160111	192761363
201601	1217	愛之味	363377	340294	6.78	46.53	363377	340294	6.78	847094	0.5	-35.72	4588414	6.04			363377	340294	6.78	46.53	363377	340294	6.78	847094	0.5	-35.72	4588414	6.04	5400185	0	0	18750	1478500	27.38			20160215	192761375
201602	1217	愛之味	277750	343246	-19.08	-23.56	641127	683540	-6.2	889121	-6.99	2.27	4522918	1.95			277750	343246	-19.08	-23.56	641127	683540	-6.2	889121	-6.99	2.27	4522918	1.95	5400185	0	0	-6300	1472200	27.26			20160310	192761389
201603	1217	愛之味	265688	328706	-19.17	-4.34	906830	858791	5.59	906830	5.59	24.89	4459900	0.02			265688	328706	-19.17	-4.34	906830	858791	5.59	906830	5.59	24.89	4459900	0.02	5294782	0	0	-31650	1440550	27.21			20160411	199054115
201604	1217	愛之味	278133	323942	-14.14	4.68	1184948	1336188	-11.32	821571	-17.5	-3.01	4414091	-1.57			278133	323942	-14.14	4.68	1184948	1336188	-11.32	821571	-17.5	-3.01	4414091	-1.57	5294782	0	0	-750	1439800	27.19			20160510	199054121
201605	1217	愛之味	324102	359323	-9.8	16.53	1509050	1695511	-11	867923	-14.23	-2.38	4378870	-2.35			324102	359323	-9.8	16.53	1509050	1695511	-11	867923	-14.23	-2.38	4378870	-2.35	5294782	0	0	10650	1450450	27.39			20160613	199054124
201606	1217	愛之味	413384	466578	-11.4	27.55	1922433	1808189	6.32	1015619	-11.67	12	4325676	-4.06			413384	466578	-11.4	27.55	1922433	1808189	6.32	1015619	-11.67	12	4325676	-4.06	5214509	0	0	-10200	1440250	27.62			20160711	207851435
201607	1217	愛之味	453952	601653	-24.55	9.81	2376386	2763742	-14.02	1191438	-16.54	45.02	4177975	-7.53			453952	601653	-24.55	9.81	2376386	2763742	-14.02	1191438	-16.54	45.02	4177975	-7.53	5214509	0	0	-10650	1429600	27.42			20160810	207851441
201608	1217	愛之味	599499	684221	-12.38	32.06	2975885	3447963	-13.69	1466835	-16.3	69.01	4093253	-12.25			599499	684221	-12.38	32.06	2975885	3447963	-13.69	1466835	-16.3	69.01	4093253	-12.25	5214509	0	0	-5850	1423750	27.3			20160909	207851444
201609	1217	愛之味	337564	391263	-13.72	-43.69	3313279	3291803	0.65	1391015	-17.06	36.96	4039554	-12.76			337564	391263	-13.72	-43.69	3313279	3291803	0.65	1391015	-17.06	36.96	4039554	-12.76	5182053	0	0	-10950	1412800	27.26			20161011	217251395
201610	1217	愛之味	257937	242388	6.41	-23.59	3571386	4081614	-12.5	1195000	-9.32	0.3	4055103	-11.54			257937	242388	6.41	-23.59	3571386	4081614	-12.5	1195000	-9.32	0.3	4055103	-11.54	5182053	0	0	6000	1418800	27.38			20161110	217251399
201611	1217	愛之味	246358	235723	4.51	-4.49	3817744	4317336	-11.57	841859	-3.16	-42.61	4065738	-11.42			246358	235723	4.51	-4.49	3817744	4317336	-11.57	841859	-3.16	-42.61	4065738	-11.42	5182053	0	0	9300	1428100	27.56			20161212	217251399
201612	1217	愛之味	292255	247994	17.85	18.63	4114545	4019258	2.37	796550	9.7	-42.74	4114545	2.37			292255	247994	17.85	18.63	4114545	4019258	2.37	796550	9.7	-42.74	4114545	2.37	5349618	0	0	11400	1439500	26.91			20170110	229152422
201701	1217	愛之味	391125	363377	7.64	33.83	391125	363377	7.64	929738	9.76	-22.2	4137747	-9.82			391125	363377	7.64	33.83	391125	363377	7.64	929738	9.76	-22.2	4137747	-9.82	5349618	0	0	-27150	1412350	26.4			20170210	229152430
201702	1217	愛之味	257183	277750	-7.4	-34.25	648308	641127	1.12	940563	5.79	11.72	4117180	-8.97			257183	277750	-7.4	-34.25	648308	641127	1.12	940563	5.79	11.72	4117180	-8.97	5349618	0	0	-20850	1391500	26.01			20170310	229152438
201703	1217	愛之味	286108	265688	7.69	11.25	933729	906830	2.97	933729	2.97	17.22	4137600	-7.23			286108	265688	7.69	11.25	933729	906830	2.97	933729	2.97	17.22	4137600	-7.23	5263325	0	0	-9600	1381900	26.26			20170410	235451462
201704	1217	愛之味	271972	278133	-2.22	-4.94	1206388	1184948	1.81	815263	-0.77	-12.31	4131439	-6.4			271972	278133	-2.22	-4.94	1206388	1184948	1.81	815263	-0.77	-12.31	4131439	-6.4	5263325	0	0	-4050	1377850	26.18			20170510	235451466
201705	1217	愛之味	316091	324102	-2.47	16.22	1522479	1509050	0.89	874171	0.72	-7.06	4123428	-5.83			316091	324102	-2.47	16.22	1522479	1509050	0.89	874171	0.72	-7.06	4123428	-5.83	5263325	0	0	-3150	1374700	26.12			20170612	235451467
201706	1217	愛之味	341617	413384	-17.36	8.08	1864097	1922433	-3.03	929680	-8.46	-0.43	4051661	-6.33			341617	413384	-17.36	8.08	1864097	1922433	-3.03	929680	-8.46	-0.43	4051661	-6.33	5258733	0	0	9900	1384600	26.33			20170710	243552553
201707	1217	愛之味	457971	453952	0.89	34.06	2322067	2376386	-2.29	1115679	-6.36	36.85	4055680	-2.93			457971	453952	0.89	34.06	2322067	2376386	-2.29	1115679	-6.36	36.85	4055680	-2.93	5258733	0	0	-6750	1377850	26.18			20170810	244551403
201708	1217	愛之味	592995	599499	-1.08	29.48	2915062	2975885	-2.04	1392583	-5.06	59.3	4049176	-1.08			592995	599499	-1.08	29.48	2915062	2975885	-2.04	1392583	-5.06	59.3	4049176	-1.08	5258733	0	0	-450	1377400	26.19			20170911	244551403
201709	1217	愛之味	456849	337564	35.34	-22.96	3371910	3313279	1.76	1507815	8.4	62.19	4168461	3.19			456849	337564	35.34	-22.96	3371910	3313279	1.76	1507815	8.4	62.19	4168461	3.19	5319725	0	0	502400	1879800	35.34			20171011	251137071
201710	1217	愛之味	261965	257937	1.56	-42.66	3633876	3571386	1.75	1311809	9.77	17.58	4172489	2.89			261965	257937	1.56	-42.66	3633876	3571386	1.75	1311809	9.77	17.58	4172489	2.89	5319725	0	0	-2700	1877100	35.29			20171110	253651378
201711	1217	愛之味	253185	246358	2.77	-3.35	3887061	3817744	1.82	971999	15.46	-30.2	4179316	2.79			253185	246358	2.77	-3.35	3887061	3817744	1.82	971999	15.46	-30.2	4179316	2.79	5319725	0	0	-5250	1871850	35.19			20171211	253651379
201712	1217	愛之味	246169	292255	-15.77	-2.77	4146490	4114545	0.78	761319	-4.42	-49.51	4146490	0.78			246169	292255	-15.77	-2.77	4146490	4114545	0.78	761319	-4.42	-49.51	4146490	0.78	5416535	0	0	-7050	1864800	34.43			20180110	290337867
201801	1217	愛之味	373733	391125	-4.45	51.82	373733	391125	-4.45	873087	-6.09	-33.44	4115838	-0.53			373733	391125	-4.45	51.82	373733	391125	-4.45	873087	-6.09	-33.44	4115838	-0.53	5416535	0	0	-18900	1845900	34.08			20180212	265651442
201802	1217	愛之味	290269	257183	12.86	-22.33	664003	648308	2.42	910171	-3.23	-6.36	4148924	0.77			290269	257183	12.86	-22.33	664003	648308	2.42	910171	-3.23	-6.36	4148924	0.77	5416535	0	0	-873900	972000	17.95			20180312	265651448
201803	1217	愛之味	364432	286108	27.38	25.55	1028433	933729	10.14	1028433	10.14	35.09	4227248	2.17			364432	286108	27.38	25.55	1028433	933729	10.14	1028433	10.14	35.09	4227248	2.17	5566619	0	0	0	972000	17.46			20180410	290337935
201804	1217	愛之味	252532	271972	-7.15	-30.71	1280966	1206388	6.18	907233	11.28	3.91	4207808	1.85			252532	271972	-7.15	-30.71	1280966	1206388	6.18	907233	11.28	3.91	4207808	1.85	5566619	0	0	-42000	930000	16.71			20180510	271851529
201805	1217	愛之味	316505	316091	0.13	25.33	1597471	1522479	4.93	933469	6.78	2.56	4208222	2.06			316505	316091	0.13	25.33	1597471	1522479	4.93	933469	6.78	2.56	4208222	2.06	5566619	0	0	0	930000	16.71			20180611	271851530
201806	1217	愛之味	377313	341617	10.45	19.21	1982512	1864097	6.35	946350	1.79	-7.98	4243918	4.75			377313	341617	10.45	19.21	1982512	1864097	6.35	946350	1.79	-7.98	4243918	4.75	5581649	0	0	0	930000	16.66			20180710	290338030
201807	1217	愛之味	478884	457971	4.57	26.92	2453668	2322067	5.67	1172702	5.11	29.26	4264831	5.16			478884	457971	4.57	26.92	2453668	2322067	5.67	1172702	5.11	29.26	4264831	5.16	5581649	0	0	0	930000	16.66			20180810	280952331
201808	1217	愛之味	668101	592995	12.67	39.51	3121769	2915062	7.09	1524298	9.46	63.29	4339937	7.18			668101	592995	12.67	39.51	3121769	2915062	7.09	1524298	9.46	63.29	4339937	7.18	5581649	0	0	0	930000	16.66			20180910	280952334
201809	1217	愛之味	417077	456849	-8.71	-37.57	3538841	3371910	4.95	1564062	3.73	65.27	4300165	3.16			417077	456849	-8.71	-37.57	3538841	3371910	4.95	1564062	3.73	65.27	4300165	3.16	5571637	0	0	-58000	872000	15.65			20181011	290338138
201810	1217	愛之味	244422	261965	-6.7	-41.4	3783268	3633876	4.11	1329600	1.36	13.38	4282622	2.64			244422	261965	-6.7	-41.4	3783268	3633876	4.11	1329600	1.36	13.38	4282622	2.64	5571637	0	0	0	872000	15.65			20181112	290051412
201811	1217	愛之味	269672	253185	6.51	10.33	4052940	3887061	4.27	931171	-4.2	-38.91	4299109	2.87			269672	253185	6.51	10.33	4052940	3887061	4.27	931171	-4.2	-38.91	4299109	2.87	5571637	0	0	0	872000	15.65			20181210	290051416
201812	1217	愛之味	269710	246169	9.56	0.01	4321819	4146490	4.23	783804	2.95	-49.89	4321819	4.23			269710	246169	9.56	0.01	4321819	4146490	4.23	783804	2.95	-49.89	4321819	4.23	5530367	0	0	0	872000	15.77			20190110	301237725
201901	1217	愛之味	379511	373733	1.55	40.71	379511	373733	1.55	918893	5.25	-30.89	4328428	5.17			379511	373733	1.55	40.71	379511	373733	1.55	918893	5.25	-30.89	4328428	5.17	5530367	0	0	0	872000	15.77			20190215	302151393
201902	1217	愛之味	303197	290269	4.45	-20.11	682708	664003	2.82	952418	4.64	2.28	4341356	4.64			303197	290269	4.45	-20.11	682708	664003	2.82	952418	4.64	2.28	4341356	4.64	5530367	0	0	0	872000	15.77			20190311	302151395
201903	1217	愛之味	313572	364432	-13.96	3.42	996828	1028433	-3.07	996828	-3.07	27.18	4290496	1.5			313572	364432	-13.96	3.42	996828	1028433	-3.07	996828	-3.07	27.18	4290496	1.5	5599502	0	0	0	872000	15.57			20190410	305837988
201904	1217	愛之味	287677	252532	13.92	-8.26	1283957	1280966	0.23	904446	-0.31	-1.57	4325641	2.8			287677	252532	13.92	-8.26	1283957	1280966	0.23	904446	-0.31	-1.57	4325641	2.8	5599502	0	0	0	872000	15.57			20190510	308252339
201905	1217	愛之味	318595	316505	0.66	10.75	1602551	1597471	0.32	919844	-1.46	-3.42	4327731	2.84			318595	316505	0.66	10.75	1602551	1597471	0.32	919844	-1.46	-3.42	4327731	2.84	5599502	0	0	0	872000	15.57			20190610	308252343
201906	1217	愛之味	449669	377313	19.18	41.14	2052804	1982512	3.55	1055941	11.58	5.93	4400087	3.68			449669	377313	19.18	41.14	2052804	1982512	3.55	1055941	11.58	5.93	4400087	3.68	5593913	0	0	0	872000	15.59			20190710	315558687
201907	1217	愛之味	482920	478884	0.84	7.39	2535140	2453668	3.32	1251184	6.69	38.34	4404123	3.27			482920	478884	0.84	7.39	2535140	2453668	3.32	1251184	6.69	38.34	4404123	3.27	5593913	0	0	0	872000	15.59			20190812	317451388
201908	1217	愛之味	637949	668101	-4.51	32.1	3173089	3121769	1.64	1570538	3.03	70.74	4373971	0.78			637949	668101	-4.51	32.1	3173089	3121769	1.64	1570538	3.03	70.74	4373971	0.78	5593913	0	0	0	872000	15.59			20190910	317451391
201909	1217	愛之味	441377	417077	5.83	-30.81	3614468	3538841	2.14	1562246	-0.12	47.95	4398271	2.28			441377	417077	5.83	-30.81	3614468	3538841	2.14	1562246	-0.12	47.95	4398271	2.28	5613947	0	0	0	872000	15.53			20191009	324337084
201910	1217	愛之味	284230	244422	16.29	-35.6	3898696	3783268	3.05	1363556	2.55	8.98	4438079	3.63			284230	244422	16.29	-35.6	3898696	3783268	3.05	1363556	2.55	8.98	4438079	3.63	5613947	0	0	-80000	792000	14.11			20191111	326551388
201911	1217	愛之味	277877	269672	3.04	-2.24	4176573	4052940	3.05	1003484	7.77	-36.11	4446284	3.42			277877	269672	3.04	-2.24	4176573	4052940	3.05	1003484	7.77	-36.11	4446284	3.42	5613947	0	0	0	792000	14.11			20191210	326555133
201912	1217	愛之味	292321	269710	8.38	5.2	4468894	4322650	3.38	854428	9.01	-45.31	4468894	3.38			292321	269710	8.38	5.2	4468894	4322650	3.38	854428	9.01	-45.31	4468894	3.38	5613947	0	0	0	792000	14.11			20200110	329651394
202001	1217	愛之味	405408	379511	6.82	38.69	405408	379511	6.82	975606	6.17	-28.45	4494792	3.84			405408	379511	6.82	38.69	405408	379511	6.82	975606	6.17	-28.45	4494792	3.84	5613947	0	0	0	792000	14.11			20200211	332861267
202002	1217	愛之味	302786	303197	-0.14	-25.31	708194	682708	3.73	1000515	5.05	-0.3	4494381	3.52			302786	303197	-0.14	-25.31	708194	682708	3.73	1000515	5.05	-0.3	4494381	3.52	5613947	0	0	0	792000	14.11			20200310	335656148
