年月	股票代號	股票名稱	單月合併營收(千)	去年單月合併營收(千)	單月合併營收年成長(%)	單月合併營收月變動(%)	累計合併營收(千)	去年累計合併營收(千)	累計合併營收成長(%)	近三月合併營收(千)	近三月合併營收年成長(%)	近三月合併營收月變動(%)	近12月累計合併營收(千)	近12月營收合併成長(%)	預估年營收(千)	累計營收達成率(%)	單月營收(千)	去年單月營收(千)	單月營收年成長(%)	單月營收月變動(%)	累計營收(千)	去年累計營收(千)	累計營收成長(%)	近三月營收(千)	近三月營收年成長(%)	近三月營收月變動(%)	近12月累計營收(千)	近12月營收成長(%)	淨值(千)	資金貸放餘額(千)	資金貸放佔淨值比(%)	背書保證單月金額(千)	背書保證累計餘額(千)	背書保証累計餘額佔淨值比(%)	重要子公司本月營業收入淨額(千)	重要子公司本年累計營收淨額(千)	公告日	RTIME
200001	2330	台積電															9326799	3845183	142.56	8.19	9326799	3845183	142.56	25806332	129.1	26.92	77967804	60.33	120769840			-47328	2087532	1.73			20000210	
200002	2330	台積電															9018575	3716786	142.64	-3.3	18345374	7561969	142.6	26966055	144.68	27.32	83269593	76.94	120769840			3740	2091272	1.73			20000310	
200003	2330	台積電															9932745	4938585	101.13	10.14	28278119	12500554	126.21	28278119	126.21	19.36	88263753	87.81	130467989			17952	2073320	1.59			20000410	
200004	2330	台積電															8862912	5238354	69.19	-10.77	37141031	17738908	109.38	27814232	100.19	7.78	91888311	92.59	130467989			8704	2082024	1.6			20000510	
200005	2330	台積電															10933630	5619069	94.58	23.36	48074661	23357977	105.82	29729287	88.21	10.25	97202872	97.27	130467989			13260	2095284	1.61			20000610	
200006	2330	台積電															13213235	5729997	130.6	20.85	61287896	29087974	110.7	33009777	99	16.73	104686110	101.38	206225002			-1292	2093992	1.02			20000710	
200007	2330	台積電															15018663	6585547	128.05	13.66	76306559	35673521	113.9	39165528	118.38	40.81	113119226	103.67	206225002			18564	2112556	1.02			20000810	
200008	2330	台積電															16076732	7012442	129.26	7.05	92383291	42685963	116.43	44308630	129.25	49.04	122183516	107.97	206225002			204	2112760	1.02			20000910	
200009	2330	台積電													164868568	65.98	16395843	6109156	168.38	1.98	108779134	48795119	122.93	47491238	140.98	43.87	132470203	119.22	226527929			16864	2129624	0.94			20001010	
200010	2330	台積電													164868568	76.57	17461567	7211536	142.13	6.5	126240701	56006655	125.4	49934142	145.58	27.5	142720234	125.02	226527929			70652	2200276	0.97			20001110	
200011	2330	台積電													164868568	87.59	18172601	7858852	131.24	4.07	144413302	63865507	126.12	52030011	145.66	17.43	153033983	127.31	226527929			1368692	3568968	1.58			20001210	
200012	2330	台積電					166197604	73066521	127.46					127.46	164868568	98.69	18302756	8620681	112.31	0.72	162716058	72486188	124.48	53936924	127.67	13.57	162716058	124.48	261753699			6619364	10188332	3.89			20010110	
200101	2330	台積電															16156845	9326799	73.23	-11.72	16156845	9326799	73.23	52632202	103.95	5.4	169546104	117.46	261753699			-210056	9978276	3.81			20010210	
200102	2330	台積電															11614224	9018575	28.78	-28.12	27771069	18345374	51.38	46073825	70.86	-11.45	172141753	106.73	261753699			-16632	9961644	3.81			20010310	
200103	2330	台積電															11749677	9932745	18.29	1.17	39520746	28278119	39.76	39520746	39.76	-26.73	173958685	97.09	270019214			152152	10113796	3.75			20010410	
200104	2330	台積電															9231717	8862912	4.16	-21.43	48752463	37141031	31.26	32595618	17.19	-38.07	174327490	89.72	270019214			24948	10138744	3.75			20010510	
200105	2330	台積電													149038964	38.45	8550678	10933630	-21.79	-7.38	57303141	48074661	19.2	29532072	-0.66	-35.9	171944538	76.89	270019214			322476	10461220	3.87			20010610	
200106	2330	台積電													149038964	44.16	8515354	13213235	-35.55	-0.41	65818495	61287896	7.39	26297749	-20.33	-33.46	167246657	59.76	270984734			144760	10605980	3.91			20010710	
200107	2330	台積電													149038964	49.94	8604351	15018663	-42.71	1.05	74422846	76306559	-2.47	25670383	-34.46	-21.25	160832345	42.18	270984734			99792	10705772	3.95			20010810	
200108	2330	台積電													149038964	55.99	9027834	16076732	-43.85	4.92	83450680	92383291	-9.67	26147539	-40.99	-11.46	153783447	25.86	270984734			-63140	10642632	3.93			20010910	
200109	2330	台積電													121893177	76.1	9307707	16395843	-43.23	3.1	92758387	108779134	-14.73	26939892	-43.27	2.44	146695311	10.74	272166614			14163550	24806182	9.11			20011010	
200110	2330	台積電													121893177	84.58	10337550	17461568	-40.8	11.06	103095937	126240701	-18.33	28673091	-42.58	11.7	139571294	-2.21	272166614			-17232	24788950	9.11			20011110	
200111	2330	台積電													121893177	93.65	11058792	18172600	-39.15	6.98	114154729	144413302	-20.95	30704049	-40.99	17.43	132457485	-13.45	272166614			-42362	24746588	9.09			20011210	
200112	2330	台積電					125884892	166197604	-24.26					-24.26	125562194	100.26	11733275	18302756	-35.89	6.1	125888004	162716058	-22.63	33129617	-38.58	22.98	125888004	-22.63	277190075			1432664	26179252	9.44			20020110	
200201	2330	台積電															12044713	16156845	-25.45	2.65	12044713	16156845	-25.45	34836780	-33.81	21.5	121775872	-28.18	277190075			-14212	26165040	9.44			20020210	
200202	2330	台積電															11468227	11614224	-1.26	-4.79	23512940	27771069	-15.33	35246215	-23.5	14.79	121629875	-29.34	277190075			98736	26263776	9.48			20020310	
200203	2330	台積電															12276775	11749677	4.49	7.05	35789715	39520746	-9.44	35789715	-9.44	8.03	122156973	-29.78	281708675			-83776	26180000	9.29			20020410	
200204	2330	台積電															13366231	9231717	44.79	8.87	49155946	48752463	0.83	37111233	13.85	6.53	126291487	-27.56	281708675			-211684	25968316	9.22			20020510	
200205	2330	台積電															15200909	8550678	77.77	13.73	64356855	57303141	12.31	40843915	38.3	15.88	132941718	-22.68	281708675			-427856	25540460	9.07			20020610	
200206	2330	台積電															15615315	8515354	83.38	2.73	79972170	65818495	21.5	44182455	68.01	23.45	140041679	-16.27	289164414			-2721020	22819440	7.89			20020710	
200207	2330	台積電															13536263	8604351	57.32	-13.31	93508433	74422846	25.64	44352487	72.78	19.51	144973591	-9.86	289164414			136000	22955440	7.94			20020810	
200208	2330	台積電															13544132	9027834	50.03	0.06	107052565	83450680	28.28	42695710	63.29	4.53	149489889	-2.79	289164414			332520	23287960	8.05			20020910	
200209	2330	台積電															12754622	9307707	37.03	-5.83	119807187	92758387	29.16	39835017	47.87	-9.84	152936804	4.25	293607329			456280	23744240	8.09			20021010	
200210	2330	台積電															15230876	10337550	47.34	19.41	135038063	103095937	30.98	41529630	44.84	-6.36	157830130	13.08	293607329			-106760	23637480	8.05			20021110	
200211	2330	台積電															14582366	11058792	31.86	-4.26	149620429	114154729	31.07	42567864	38.64	-0.3	161353704	21.82	293607329			34680	23672160	8.06			20021210	
200212	2330	台積電					162301208	125884892	28.93					28.93			11277901	11733275	-3.88	-22.66	160898330	125888004	27.81	41091143	24.03	3.15	160898330	27.81	295853207			-40120	23632040	7.99			20030110	
200301	2330	台積電															13128841	12044713	9	16.41	13128841	12044713	9	38989108	11.92	-6.12	161982458	33.02	295853207			-34000	23598040	7.98			20030210	
200302	2330	台積電															12345096	11468227	7.65	-5.97	25473937	23512940	8.34	36751838	4.27	-13.66	162859327	33.9	295853207			29240	23627280	7.99			20030310	
200303	2330	台積電															13851376	12276775	12.83	12.2	39325313	35789715	9.88	39325313	9.88	-4.3	164433928	34.61	299884466			2720	23630000	7.88			20030410	
200304	2330	台積電															15264311	13366231	14.2	10.2	54589624	49155946	11.05	41460783	11.72	6.34	166332008	31.7	299884466			67320	23697320	7.9			20030510	
200305	2330	台積電															16811729	15200909	10.6	10.14	71401353	64356855	10.95	45927416	12.45	24.97	167942828	26.33	299884466			-93160	23604160	7.87			20030610	
200306	2330	台積電															17846112	15615315	14.29	6.15	89247465	79972170	11.6	49922152	12.99	26.95	170173625	21.52	298261570			-68000	23536160	7.89			20030710	
200307	2330	台積電															17648605	13536263	30.38	-1.11	106896070	93508433	14.32	52306446	17.93	26.16	174285967	20.22	298261570			-140760	23395400	7.84			20030810	
200308	2330	台積電															18317430	13544132	35.24	3.79	125213500	107052565	16.96	53812147	26.04	17.17	179059265	19.78	298261570			-159800	23235600	7.79			20030910	
200309	2330	台積電															18911236	12754622	48.27	3.24	144124736	119807187	20.3	54877271	37.76	9.93	185215879	21.11	312971421			-265200	22970400	7.34			20031010	
200310	2330	台積電															20303764	15230876	33.31	7.36	164428500	135038063	21.76	57532430	38.53	9.99	190288767	20.57	312971421			136000	23106400	7.38			20031110	
200311	2330	台積電															18510405	14582366	26.94	-8.83	182938905	149620429	22.27	57725405	35.61	7.27	194216806	20.37	312971421			155040	23261440	7.43			20031210	
200312	2330	台積電					202996812	162301208	25.07					25.07			18965436	11277901	68.16	2.46	201904341	160898330	25.49	57779605	40.61	5.29	201904341	25.49	329214309			-4913320	18348120	5.57			20040110	
200401	2330	台積電															19155894	13128841	45.91	1	19155894	13128841	45.91	56631735	45.25	-1.57	207931394	28.37	329214309			-317520	18030600	5.48	10665747	10665747	20040210	
200402	2330	台積電															18385262	12345096	48.93	-4.02	37541156	25473937	47.37	56506592	53.75	-2.11	213971560	31.38	329214309			-13500	18017100	5.47	10191617	20857364	20040310	
200403	2330	台積電															19972049	13851376	44.19	8.63	57513205	39325313	46.25	57513205	46.25	-0.46	220092233	33.85	346586042			-186300	17830800	5.14	11086905	31944269	20040410	
200404	2330	台積電															20630606	15264311	35.16	3.3	78143811	54589624	43.15	58987917	42.27	4.16	225458528	35.55	346586042			188460	18019260	5.2	12421843	44366112	20040510	
200405	2330	台積電															21719561	16811728	29.19	5.28	99863372	71401353	39.86	62322216	35.7	10.29	230366360	37.17	346586042			10800	18030060	5.2	12162236	56528348	20040610	
200406	2330	台積電															22519074	17846112	26.18	3.68	122382446	89247465	37.13	64869241	29.94	12.79	235039322	38.12	351073754			208440	18238500	5.2	12328598	68856946	20040710	
200407	2330	台積電															23147633	17648604	31.16	2.79	145530079	106896070	36.14	67386268	28.83	14.24	240538350	38.01	351073754			194940	18433440	5.25	13811594	82668540	20040810	
200408	2330	台積電															23413876	18317430	27.82	1.15	168943955	125213500	34.92	69080583	28.37	10.84	245634796	37.18	351073754			-44820	18388620	5.24	13337734	96006274	20040910	
200409	2330	台積電															23173529	18911236	22.54	-1.03	192117484	144124736	33.3	69735038	27.07	7.5	249897089	34.92	379262790			-37260	18351360	4.84	12722888	108729162	20041010	
200410	2330	台積電															22969780	20303764	13.13	-0.88	215087264	164428500	30.81	69557185	20.9	3.22	252563105	32.73	379262790			-296460	18054900	4.76	12994498	121723660	20041110	
200411	2330	台積電															20985825	18510404	13.37	-8.64	236073089	182938905	29.04	67129134	16.29	-2.82	255038525	31.32	379262790			-664200	17390700	4.59	11329956	133053616	20041210	
200412	2330	台積電					257212618	202996812	26.71					26.71			19919339	18965436	5.03	-5.08	255992428	201904341	26.79	63874944	10.55	-8.4	255992428	26.79	398965299			-14199000	3191700	0.8	10906167	143959783	20050110	
200501	2330	台積電															20842779	19155894	8.81	4.64	20842779	19155894	8.81	61747943	9.03	-11.23	257679313	23.93	398965299			-12700	3179000	0.8	12160589	12160589	20050210	
200502	2330	台積電															17200047	18385262	-6.45	-17.48	38042826	37541156	1.34	57962165	2.58	-13.66	256494098	19.87	398965299			-61500	3117500	0.78	10058663	22219252	20050310	
200503	2330	台積電															17610390	19972048	-11.82	2.39	55653216	57513205	-3.23	55653216	-3.23	-12.87	254132439	15.47	415353480			35500	3153000	0.76	9734514	31953766	20050410	
200504	2330	台積電															18903406	20630606	-8.37	7.34	74556622	78143811	-4.59	53713843	-8.94	-13.01	252405239	11.95	415353480			-25100	3127900	0.75	10403765	42357531	20050510	
200505	2330	台積電															19507661	21719560	-10.18	3.2	94064283	99863372	-5.81	56021457	-10.11	-3.35	250193339	8.61	415353480			8400	3136300	0.76	11444588	53802119	20050610	
200506	2330	台積電					116835730										20105150	22519074	-10.72	3.06	114169433	122382446	-6.71	58516217	-9.79	5.14	247779415	5.42	384199927			-923040	2213260	0.58	11432010	65234129	20050710	
200507	2330	台積電															20847066	23147632	-9.94	3.69	135016499	145530079	-7.22	60459877	-10.28	12.56	245478848	2.05	384199927			26460	2239720	0.58	12704993	77939122	20050810	
200508	2330	台積電															23182037	23413876	-0.99	11.2	158198537	168943954	-6.36	64134253	-7.16	14.48	245247009	-0.16	384199927			52850	2292570	0.6	13982739	91921861	20050910	
200509	2330	台積電															25228512	23173529	8.87	8.83	183427049	192117483	-4.52	69257615	-0.68	18.36	247301992	-1.04	411111132			30590	2323160	0.57	15096712	107018573	20051010	
200510	2330	台積電															26227155	22969780	14.18	3.96	209654203	215087263	-2.53	74637704	7.3	23.45	250559367	-0.79	411111132			25410	2348570	0.57	15835124	122853697	20051110	
200511	2330	台積電															27518437	20985825	31.13	4.92	237172641	236073088	0.47	78974104	17.65	23.14	257091979	0.81	411111132			-2450	2346120	0.57	16615319	139469016	20051210	
200512	2330	台積電					266565070	257212618	3.64					3.64			27415724	19919338	37.63	-0.37	264588364	255992427	3.36	81161316	27.06	17.19	264588364	3.36	445630349			-66600	3285000	0.74	15679589	155148605	20060110	
200601	2330	台積電															26177607	20842779	25.6	-4.52	26177607	20842779	25.6	81111768	31.36	8.67	269923192	4.75	445630349			-86500	3198500	0.72	14495915	14495915	20060210	
200602	2330	台積電															24008853	17200048	39.59	-8.28	50186460	38042827	31.92	77602184	33.88	-1.74	276731998	7.89	445630349			-1251200	1947300	0.44	14119576	28615491	20060310	
200603	2330	台積電															27106885	17610390	53.93	12.9	77293344	55653217	38.88	77293345	38.88	-4.77	286228493	12.63	477933028			300	1947600	0.41	15908281	44523772	20060410	
200604	2330	台積電	27388061				105238410										27162375	18903406	43.69	0.2	104455720	74556623	40.1	78278113	45.73	-3.49	294487462	16.67	477933028			-32820	1914780	0.4	17024183	61547955	20060510	
200605	2330	台積電	27124244			-0.96	132362654										26770174	19507661	37.23	-1.44	131225894	94064283	39.51	81039434	44.66	4.43	301749975	20.61	477933028			6360	1921140	0.4	17417686	78965641	20060610	
200606	2330	台積電	27646913			1.93	159968160	116835730	36.92	82159218							27294797	20105150	35.76	1.96	158520691	114169434	38.85	81227346	38.81	5.09	308939622	24.68	446832347			22800	1943940	0.44	16011987	94977628	20060710	
200607	2330	台積電	27958817			1.13	187968384			82729974							27566707	20847066	32.23	1	186087397	135016500	37.83	81631678	35.02	4.28	315659263	28.59	446832347			21420	1965360	0.44	17470602	112448230	20060810	
200608	2330	台積電	27284121			-2.41	215211099			82889851							26999936	23182036	16.47	-2.06	213087334	158198537	34.7	81861440	27.64	1.01	319477162	30.27	446832347			9000	1974360	0.44	16609781	129058011	20060910	
200609	2330	台積電	27232846			-0.19	242443945			82475784		0.39					26858607	25228512	6.46	-0.52	239945941	183427049	30.81	81425250	17.57	0.24	321107257	29.84	481136127			-1974360			16955440	146013451	20061010	
200610	2330	台積電	27031725			-0.74	269475670			81548692		-1.43					26850496	26227156	2.38	-0.03	266796437	209654204	27.26	80709039	8.13	-1.13	321730598	28.4	481136127						18072337	164085788	20061110	
200611	2330	台積電	25060098			-7.29	294535768			79324669		-4.3					24709112	27518436	-10.21	-7.98	291505549	237172641	22.91	78418215	-0.7	-4.21	318921273	24.05	481136127						14597292	178683080	20061210	
200612	2330	台積電	22871403			-8.73	317407171	266565070	19.07	74963226		-9.11		19.07			22376087	27415724	-18.38	-9.44	313881636	264588365	18.63	73935695	-8.9	-9.2	313881636	18.63	507981284						13598252	192281332	20070110	
200701	2330	台積電	21389281			-6.48	21389281			69320782		-14.99					20851395	26177608	-20.35	-6.81	20851395	26177607	-20.35	67936594	-16.24	-15.83	308555424	14.31	507981284						13118114	13118114	20070210	
200702	2330	台積電	20947892			-2.06	42337173			65208576		-17.8					20577285	24008852	-14.29	-1.31	41428680	50186460	-17.45	63804767	-17.78	-18.64	305123856	10.26	507981284						13142868	26260982	20070310	
200703	2330	台積電	22560207			7.7	64897380			64897380		-13.43	304495608				21917909	27106884	-19.14	6.52	63346589	77293345	-18.04	63346589	-18.04	-14.32	299934880	4.79	528625619						13351839	39612821	20070410	
200704	2330	台積電	23093768	27388061	-15.68	2.37	87991149	105238410	-16.39	66601867		-3.92	300201315				22512708	27162376	-17.12	2.71	85859297	104455720	-17.8	65007902	-16.95	-4.31	295285213	0.27	528625619						14018518	53631339	20070510	
200705	2330	台積電	25711843	27124244	-5.21	11.34	113702991	132362654	-14.1	71365818		9.44	298788914				25093483	26770174	-6.26	11.46	110952780	131225894	-15.45	69524100	-14.21	8.96	293608522	-2.7	528625619						14845619	68476958	20070610	
200706	2330	台積電	26112322	27646913	-5.55	1.56	139815313	159968160	-12.6	74917933	-8.81	15.44	297254323				25245739	27294796	-7.51	0.61	136198519	158520691	-14.08	72851930	-10.31	15.01	291559464	-5.63	470886562						15913529	84390487	20070710	
200707	2330	台積電	29482674	27958817	5.45	12.91	169297987	187968384	-9.93	81306839	-1.72	22.08	298778180				28765630	27566708	4.35	13.94	164964149	186087398	-11.35	79104852	-3.1	21.68	292758387	-7.25	470886562						17224781	101615268	20070810	
200708	2330	台積電	30018860	27284121	10.02	1.82	199316847	215211099	-7.39	85613856	3.29	19.96	301512919				29198760	26999936	8.14	1.51	194162909	213087334	-8.88	83210129	1.65	19.69	294957211	-7.68	470886562						17091664	118706932	20070910	
200709	2330	台積電	29453961	27232846	8.16	-1.88	228770808	242443945	-5.64	88955495	7.86	18.74	303734034				28496211	26858608	6.1	-2.41	222659120	239945941	-7.2	86460601	6.18	18.68	296594815	-7.63	501274870						17603860	136310792	20071010	
200710	2330	台積電	32606417	27031725	20.62	10.7	261377225	269475670	-3.01	92079238	12.91	13.25	309308726				31724814	26850496	18.15	11.33	254383934	266796437	-4.65	89419785	10.79	13.04	301469133	-6.3	501274870						20394552	156705344	20071110	
200711	2330	台積電	31264926	25060098	24.76	-4.11	292642151	294535768	-0.64	93325304	17.65	9.01	315513554				30143488	24709112	21.99	-4.98	284527422	291505548	-2.39	90364513	15.23	8.6	306903509	-3.77	501274870						18816661	175522005	20071210	
200712	2330	台積電	29988445	22871403	31.12	-4.08	322630596	317407171	1.65	93859788	25.21	5.51	322630596	1.65			29120222	22376088	30.14	-3.39	313647643	313881637	-0.07	90988524	23.06	5.24	313647644	-0.07	487091402						19240761	194762766	20080110	
200801	2330	台積電	31069018	21389281	45.26	3.6	31069018	21389281	45.26	92322389	33.18	0.26	332310333				30286454	20851395	45.25	4	30286454	20851395	45.25	89550164	31.81	0.15	323082703	4.71	487091402						19341386	19341386	20080210	
200802	2330	台積電	29282492	20947892	39.79	-5.75	60351510	42337173	42.55	90339955	38.54	-3.2	340644933				28381910	20577285	37.93	-6.29	58668364	41428680	41.61	87788586	37.59	-2.85	330887328	8.44	487091402						18100090	37441476	20080310	
200803	2330	台積電	27128456	22560207	20.25	-7.36	87479966	64897380	34.8	87479966	34.8	-6.8	345213182	13.37			26561739	21917909	21.19	-6.41	85230103	63346589	34.55	85230103	34.55	-6.33	335531158	11.87	509293694						17346725	54788201	20080410	
200804	2330	台積電	28862999	23093768	24.98	6.39	116342965	87991149	32.22	85273947	28.04	-7.63	350982413	16.92			28093630	22512708	24.79	5.77	113323733	85859297	31.99	83037279	27.73	-7.27	341112080	15.52	509293694						17449094	72237295	20080509	
200805	2330	台積電	29801210	25711843	15.9	3.25	146144175	113702991	28.53	85792665	20.22	-5.03	355071780	18.84			28990351	25093483	15.53	3.19	142314084	110952781	28.27	83645720	20.31	-4.72	345008948	17.51	509293694						16454842	88692137	20080610	
200806	2330	台積電	29472535	26112322	12.87	-1.1	175616710	139815313	25.61	88136744	17.64	0.75	358431993	20.58			28510161	25245739	12.93	-1.66	170824246	136198520	25.42	85594142	17.49	0.43	348273370	19.45	443240566						16095145	104787282	20080710	
200807	2330	台積電	31814177	29482674	7.91	7.95	207430886	169297987	22.52	91087922	12.03	6.82	360763496	20.75			30869472	28765630	7.31	8.28	201693718	164964150	22.27	88369984	11.71	6.42	350377212	19.68	443240566						18783644	123570926	20080808	
200808	2330	台積電	31849618	30018860	6.1	0.11	239280504	199316847	20.05	93136330	8.79	8.56	362594254	20.26			30995283	29198760	6.15	0.41	232689001	194162909	19.84	90374916	8.61	8.04	352173735	19.4	443240566						17821769	141392695	20080910	
200809	2330	台積電	29314755	29453961	-0.47	-7.96	268595260	228770808	17.41	92978550	4.52	5.49	362455048	19.33			28251872	28496211	-0.86	-8.85	260940873	222659120	17.19	90116627	4.23	5.28	351929396	18.66	462075753						16881498	158274193	20081007	
200810	2330	台積電	29490001	32606417	-9.56	0.6	298085260	261377225	14.04	90654374	-1.55	-0.48	359338632	16.17			28370678	31724814	-10.57	0.42	289311552	254383935	13.73	87617833	-2.02	-0.85	348575260	15.63	462075753						17052410	175326603	20081110	
200811	2330	台積電	20643533	31264926	-33.97	-30	318728793	292642151	8.91	79448289	-14.87	-14.7	348717239	10.52			19294770	30143488	-35.99	-31.99	308606321	284527422	8.46	75917320	-15.99	-16	337726542	10.04	462075753						10399990	185726593	20081210	
200812	2330	台積電	14428868	29988445	-51.89	-30.1	333157660	322630596	3.26	64562402	-31.21	-30.56	333157662	3.26			13160762	29120222	-54.81	-31.79	321767083	313647644	2.59	60826210	-33.15	-32.5	321767082	2.59	476377111						9246847	194973440	20090109	
200901	2330	台積電	13126186	31069018	-57.75	-9.03	13126186	31069018	-57.75	48198587	-47.79	-46.83	315214830	-5.14			12436378	30286454	-58.94	-5.5	12436378	30286454	-58.94	44891910	-49.87	-48.76	303917006	-5.93	476377111						8747814	8747814	20090210	
200902	2330	台積電	12176024	29282492	-58.42	-7.24	25302210	60351510	-58.08	39731078	-56.02	-49.99	298108362	-12.49			11503819	28381910	-59.47	-7.5	23940197	58668364	-59.19	37100959	-57.74	-51.13	287038915	-13.25	476377111						6086510	14834324	20090310	
200903	2330	台積電	14197917	27128456	-47.66	16.61	39500128	87479968	-54.85	39500128	-54.85	-38.82	285177823	-17.39			13619497	26561739	-48.73	18.39	37559696	85230104	-55.93	37559696	-55.93	-38.25	274096673	-18.31	481547296						8400252	23234576	20090410	123564074
200904	2330	台積電	22449502	28862999	-22.22	58.12	61949628	116342965	-46.75	48823443	-42.75	1.3	278764326	-20.58			21744748	28093630	-22.6	59.66	59304442	113323733	-47.67	46868064	-43.56	4.4	267747791	-21.51	481547296						11872251	35106827	20090511	123564150
200905	2330	台積電	25247300	29801210	-15.28	12.46	87196929	146144175	-40.33	61894719	-27.86	55.78	274210416	-22.77			24473921	28990351	-15.58	12.55	83778364	142314084	-41.13	59838166	-28.46	61.28	263231361	-23.7	481547296						12842202	47949029	20090610	123380113
200906	2330	台積電	26514911	29472535	-10.04	5.02	113711840	175616704	-35.25	74211713	-15.8	87.88	271252792	-24.32			25777846	28510161	-9.58	5.33	109556208	170824240	-35.87	71996515	-15.89	91.69	260499046	-25.2	433761504						13976262	61925291	20090710	123380173
200907	2330	台積電	31173173	31814177	-2.01	17.57	144885013	207430886	-30.15	82935384	-8.95	69.87	270611788	-24.99			30278581	30869472	-1.91	17.46	139834790	201693718	-30.67	80530348	-8.87	71.82	259908155	-25.82	433761504						17940041	79865332	20090810	123380280
200908	2330	台積電	29826552	31849618	-6.35	-4.32	174711566	239280504	-26.98	87514636	-6.04	41.39	268588722	-25.93			28887650	30995283	-6.8	-4.59	168722441	232689001	-27.49	84944077	-6.01	41.96	257800522	-26.8	433761504						16138478	96003810	20090910	123380389
200909	2330	台積電	28936225	29314755	-1.29	-2.99	203647792	268595264	-24.18	89935950	-3.27	21.19	268210192	-26			28024082	28251872	-0.81	-2.99	196746528	260940880	-24.6	87190313	-3.25	21.1	257572732	-26.81	462885312						16802879	112806689	20091012	123380499
200910	2330	台積電	30218675	29490001	2.47	4.43	233866465	298085260	-21.54	88981452	-1.85	7.29	268938866	-25.16			29180950	28370678	2.86	4.13	225927472	289311552	-21.91	86092682	-1.74	6.91	258383004	-25.87	462885312						17063435	129870124	20091110	123380614
200911	2330	台積電	30321989	20643533	46.88	0.34	264188454	318728793	-17.11	89476889	12.62	2.24	278617322	-20.1			29349036	19294770	52.11	0.58	255276508	308606321	-17.28	86554068	14.01	1.9	268437270	-20.52	462885312						14734326	144604450	20091210	123380729
200912	2330	台積電	31553784	14428868	118.69	4.06	295742239	333157660	-11.23	92094448	42.64	2.4	295742239	-11.23			30466359	13160762	131.49	3.81	285742868	321767083	-11.2	88996345	46.31	2.07	285742868	-11.2	495082712						18243118	162847568	20100111	123380829
201001	2330	台積電	30135692	13126186	129.58	-4.49	30135692	13126186	129.58	92011465	90.9	3.41	312751744	-0.78			29156271	12436378	134.44	-4.3	29156271	12436378	134.44	88971666	98.19	3.34	302462760	-0.48	495082712						15399704	15399704	20100210	
201002	2330	台積電	30132257	12176024	147.47	-0.01	60267949	25302210	138.19	91821733	131.11	2.62	330707977	10.94			29195234	11503819	153.79	0.13	58351505	23940197	143.74	88817864	139.4	2.62	320154175	11.54	495082712						17152584	32552288	20100310	
201003	2330	台積電	31918737	14197917	124.81	5.93	92186686	39500126	133.38	92186686	133.38	0.1	348428797	22.18			30823003	13619497	126.32	5.58	89174508	37559694	137.42	89174508	137.42	0.2	337357681	23.08	528137716						16583052	49135340	20100412	123381124
201004	2330	台積電	33809483	22449502	50.6	5.92	125996169	61949628	103.38	95860477	96.34	4.18	359788778	29.07			32683232	21744749	50.3	6.04	121857740	59304442	105.48	92701469	97.79	4.19	348296165	30.08	528137716						18178725	67314065	20100510	
201005	2330	台積電	34818548	25247300	37.91	2.98	160814717	87196929	84.43	100546768	62.45	9.5	369360026	34.7			33839484	24473921	38.27	3.54	155697223	83778364	85.84	97345719	62.68	9.6	357661728	35.87	528137716	0	0	0	0	0	18322469	85636534	20100618	123381364
201006	2330	台積電	36334357	26514911	37.03	4.35	197149003	113711840	73.38	104962388	41.44	13.86	379179472	39.79			35113042	25777846	36.21	3.76	190810265	109556210	74.17	101635758	41.17	13.97	366996924	40.88	492684384	0	0	0	0	0	18057564	103694098	20100712	123381493
201007	2330	台積電	37217893	31173173	19.39	2.43	234366966	144885013	61.76	108370798	30.67	13.05	385224192	42.35			36156392	30278581	19.41	2.97	226966657	139834790	62.31	105108918	30.52	13.38	372874735	43.46	492684384	0	0	0	0	0	19347337	123041435	20100810	123381626
201008	2330	台積電	37390814	29826552	25.36	0.46	271757780	174711566	55.55	110943064	26.77	10.34	392788454	46.24			36498090	28887650	26.34	0.95	263464747	168722441	56.15	107767524	26.87	10.71	380485175	47.59	492684384	0	0	0	0	0	19311296	142352731	20100910	123381759
201009	2330	台積電	37637898	28936225	30.07	0.66	309395702	203647791	51.93	112246605	24.81	6.94	401490127	49.69			36652584	28024082	30.79	0.42	300117331	196746523	52.54	109307066	25.37	7.55	389113677	51.07	536523632	0	0	0	0	0	19611593	161964324	20101008	123381892
201010	2330	台積電	38427283	30218675	27.16	2.1	347822985	233866465	48.73	113455995	27.51	4.69	409698735	52.34			37372507	29180950	28.07	1.96	337489838	225927472	49.38	110523181	28.38	5.15	397305234	53.77	536523632	0	0	0	0	0	21071780	183036104	20101110	123382029
201011	2330	台積電	36846406	30321989	21.52	-4.11	384669391	264188454	45.6	112911587	26.19	1.77	416223152	49.39			35722299	29349036	21.72	-4.42	373212137	255276508	46.2	109747390	26.8	1.84	403678497	50.38	536523632	0	0	0	0	0	20845586	203881690	20101210	123382166
201012	2330	台積電	34868520	31553784	10.51	-5.37	419537911	295742239	41.86	110142209	19.6	-1.87	419537911	41.86			33751175	30466359	10.78	-5.52	406963312	285742868	42.42	106845981	20.06	-2.25	406963312	42.42	574144918	0	0	0	0	0	18752574	222634264	20110110	123382286
201101	2330	台積電	35370662	30135692	17.37	1.44	35370662	30135692	17.37	107085588	16.38	-5.61	424772858	35.82			34424173	29156271	18.07	1.99	34424173	29156271	18.07	103897647	16.78	-5.99	412231215	36.29	574144918	0	0	0	0	0	18760779	18760779	20110210	123382353
201102	2330	台積電	32691258	30132257	8.49	-7.58	68061920	60267949	12.93	102930440	12.1	-8.84	427331859	29.22			31753825	29195234	8.76	-7.76	66177999	58351505	13.41	99929173	12.51	-8.95	414789806	29.56	574144918	0	0	0	0	0	17938384	36699163	20110310	123382496
201103	2330	台積電	37315575	31918737	16.91	14.15	105377495	92186686	14.31	105377495	14.31	-4.33	432728697	24.19			36370479	30823003	18	14.54	102548478	89174508	15	102548478	15	-4.02	420337282	24.6	607673883	0	0	0	0	0	20905110	57604273	20110408	123382636
201104	2330	台積電	37126441	33809483	9.81	-0.51	142503936	125996169	13.1	107133274	11.76	0.04	436045655	21.19			36230359	32683232	10.85	-0.39	138778837	121857740	13.89	104354663	12.57	0.44	423884409	21.7	607673883	0	0	0	0	0	20829997	78434270	20110510	123382765
201105	2330	台積電	36708610	34818548	5.43	-1.13	179212546	160814717	11.44	111150626	10.55	7.99	437935717	18.57			35960997	33839484	6.27	-0.74	174739834	155697223	12.23	108561835	11.52	8.64	426005922	19.11	607673883	0	0	0	0	0	18633459	97067729	20110610	123382911
201106	2330	台積電	36673316	36334357	0.93	-0.1	215885862	197149003	9.5	110508367	5.28	4.87	438274676	15.59			35653939	35113042	1.54	-0.85	210393773	190810265	10.26	107845295	6.11	5.17	426546819	16.23	563949521	0	0	0	0	0	19689280	116757009	20110708	123383060
201107	2330	台積電	35432214	37217893	-4.8	-3.38	251318076	234366966	7.23	108814140	0.41	1.57	436488997	13.31			34916788	36156392	-3.43	-2.07	245310561	226966657	8.08	106531724	1.35	2.09	425307215	14.06	563949521	0	0	0	0	0	19470272	136227281	20110810	121200410
201108	2330	台積電	37644994	37390814	0.68	6.25	288963070	271757780	6.33	109750524	-1.07	-1.26	436743177	11.19			37041705	36498090	1.49	6.09	282352266	263464747	7.17	107612432	-0.14	-0.87	425850830	11.92	563949521	0	0	0	0	0	21444495	157671776	20110909	123383361
201109	2330	台積電	33406409	37637898	-11.24	-11.26	322369478	309395702	4.19	106483617	-5.13	-3.64	432511688	7.73			32860849	36652584	-10.35	-11.29	315213115	300117331	5.03	104819342	-4.11	-2.81	422059095	8.47	598628198	0	0	0	0	0	19716200	177387976	20111007	123383748
201110	2330	台積電	37609824	38427283	-2.13	12.58	359979302	347822985	3.49	108661227	-4.23	-0.14	431694229	5.37			37246661	37372507	-0.34	13.35	352459776	337489838	4.44	107149215	-3.05	0.58	421933249	6.2	598628198	0	0	0	0	0	22886503	200274479	20111110	123383902
201111	2330	台積電	35859379	36846406	-2.68	-4.65	395838682	384669391	2.9	106875612	-5.35	-2.62	430707202	3.48			35218771	35722299	-1.41	-5.44	387678546	373212137	3.88	105326281	-4.03	-2.12	421429721	4.4	598628198	0	0	0	0	0	20582996	220857475	20111209	123384057
201112	2330	台積電	31241963	34868520	-10.4	-12.88	427080645	419537911	1.8	104711166	-4.93	-1.66	427080645	1.8			30566947	33751175	-9.43	-13.21	418245493	406963312	2.77	103032379	-3.57	-1.7	418245493	2.77	629593514	0	0	0	0	0	16398604	237256079	20120110	123384195
201201	2330	台積電	34568723	35370662	-2.27	10.65	34568723	35370662	-2.27	101670065	-5.06	-6.43	426278706	0.35			34053091	34424173	-1.08	11.4	34053091	34424173	-1.08	99838809	-3.91	-6.82	417874411	1.37	629593514	0	0	0	0	0	21401890	21401890	20120210	123384273
201202	2330	台積電	33855692	32691258	3.56	-2.06	68424415	68061920	0.53	99666378	-3.17	-6.75	427443140	0.03			33584499	31753825	5.77	-1.38	67637590	66177999	2.21	98204537	-1.73	-6.76	419705085	1.19	629593514	0	0	0	0	0	21315480	42717370	20120309	123384427
201203	2330	台積電	37083259	37315575	-0.62	9.53	105507675	105377495	0.12	105507675	0.12	0.76	427210824	-1.28			36611146	36370479	0.66	9.01	104248736	102548478	1.66	104248736	1.66	1.18	419945752	-0.09	660932327	0	0	0	0	0	22749699	65467069	20120410	123567934
201204	2330	台積電	40496082	37126441	9.08	9.2	146003757	142503936	2.46	111435033	4.02	9.6	430580465	-1.25			40007591	36230359	10.43	9.28	144256327	138778837	3.95	110203236	5.6	10.38	423722984	-0.04	660932327	0	0	0	0	0	25660089	91127158	20120510	123568063
201205	2330	台積電	44137730	36708610	20.24	8.99	190141486	179212546	6.1	121717071	9.51	22.12	438009585	0.02			43623222	35960997	21.31	9.04	187879549	174739834	7.52	120241959	10.76	22.44	431385209	1.26	660932327	0	0	0	0	0	27416210	118543368	20120608	123568209
201206	2330	台積電	43427017	36673316	18.42	-1.61	233568503	215885862	8.19	128060829	15.88	21.38	444763286	1.48			42869733	35653939	20.24	-1.73	230749282	210393773	9.67	126500546	17.3	21.34	438601003	2.83	627465290	0	0	0	0	0	28485815	147029183	20120710	123385037
201207	2330	台積電	48525185	35432214	36.95	11.74	282093689	251318076	12.25	136089932	25.07	22.11	457856257	4.9			47924170	34916788	37.25	11.79	278673453	245310561	13.6	134417125	26.18	21.97	451608385	6.18	627465290	0	0	0	0	0	32904661	179933844	20120812	123568508
201208	2330	台積電	49496994	48525185	2	2	331590682	288963070	14.75	141449196	28.88	16.2	469708257	7.55			48896013	37041705	32	2.03	327569466	282352266	16.01	139689916	29.81	16.17	463462693	8.83	627465290	0	0	0	0	0	33639623	213573467	20120910	123385369
201209	2330	台積電	43353272	33406409	29.78	-12.41	374943954	322369478	16.31	141375451	32.77	10.39	479655120	10.9			42816800	32860849	30.3	-12.43	370386266	315213115	17.5	139636983	33.22	10.38	473418644	12.17	674543191	0	0	0	0	0	27342671	240916138	20121009	123385538
201210	2330	台積電	49937707	37609824	32.78	15.19	424881661	359979302	18.03	142787973	31.41	4.93	491983003	13.97			49282571	37246661	32.31	15.1	419668836	352459776	19.07	140995384	31.59	4.89	485454554	15.05	674543191	0	0	0	0	0	33136834	274052972	20121109	123385711
201211	2330	台積電	44252771	35859379	23.41	-11.38	469134433	395838682	18.52	137543750	28.7	-2.75	500376395	16.18			43644278	35218771	23.92	-11.44	463313114	387678546	19.51	135743649	28.88	-2.83	493880061	17.19	674543191	0	0	0	0	0	30181774	304234746	20121210	123569131
201212	2330	台積電	37114148	31241963	18.8	-16.12	506248580	427080645	18.54	131304626	25.4	-7.11	506248580	18.54			36558773	30566947	19.6	-16.23	499871887	418245493	19.52	129485622	25.67	-7.27	499871887	19.52	723197714	0	0	0	0	0	25696173	329930919	20130110	123386042
201301	2330	台積電	47438687	34606486	37.08	27.82	47438687	34606486	37.08	128805606	26.69	-9.79	519118544	21.78			47438687	34606486	37.08	29.76	47438687	34606486	37.08	127641738	27.85	-9.47	513257483	22.83	723197714	0	0	0	0	0			20130208	123569351
201302	2330	台積電	41182084	33893476	21.5	-13.19	88620771	68499962	29.37	125734919	26.16	-8.59	526444936	23.16			41182084	33893476	21.5	-13.19	88620771	68499962	29.37	125179544	27.47	-7.78	520855068	24.1	723197714	0	0	44475000	44475000	6.15			20130308	123386298
201303	2330	台積電	44134225	37114869	18.91	7.17	132754996	105614831	25.7	132754996	25.7	1.1	533495902	24.88			44134225	37114869	18.91	7.17	132754996	105614831	25.7	132754996	25.7	2.52	528378147	25.82	766131268	0	0	328500	44803500	5.85			20130410	123400065
201304	2330	台積電	50070645	40542396	23.5	13.45	182825641	146157227	25.09	135386954	21.49	5.11	543070465	26.13			50070645	40542396	23.5	13.45	182825641	146157227	25.09	135386954	22.85	6.07	538441201	27.07	766131268	0	0	-613500	44190000	5.77			20130510	123400221
201305	2330	台積電	51787926	44177010	17.23	3.43	234613567	190334237	23.26	145992796	19.94	16.11	550720661	25.73			51787926	44177010	17.23	3.43	234613567	190334237	23.26	145992796	21.42	16.63	546605905	26.71	766131268	0	0	727500	44917500	5.86			20130610	125652338
201306	2330	台積電	54027749	43466925	24.3	4.32	288641316	233801162	23.46	155886320	21.73	17.42	561321393	26.21			54027749	43466925	24.3	4.32	288641316	233801162	23.46	155886320	23.23	17.42	557763921	27.17	745911755	0	0	34500	44952000	6.03			20130710	125652346
201307	2330	台積電	52103384	48567302	7.28	-3.56	340744700	282368464	20.67	157919059	16.04	16.64	564899592	23.38			52103384	48567302	7.28	-3.56	340744700	282368464	20.67	157919059	17.48	16.64	561943135	24.43	745911755	0	0	-1500	44950500	6.03			20130809	125652353
201308	2330	台積電	55091177	49539595	11.21	5.73	395835877	331908059	19.26	161222310	13.98	10.43	570493775	21.46			55091177	49539595	11.21	5.73	395835877	331908059	19.26	161222310	15.41	10.43	568138299	22.59	745911755	0	0	-60000	44890500	6.02			20130910	125652362
201309	2330	台積電	55382473	43392356	27.63	0.53	451218350	375300415	20.23	162577034	15	4.29	582522976	21.45			55382473	43392356	27.63	0.53	451218350	375300415	20.23	162577034	16.43	4.29	580703972	22.66	803876999	0	0	-534000	44356500	5.52			20131009	125652370
201310	2330	台積電	51794813	49995543	3.6	-6.48	503013163	425295958	18.27	162268463	13.64	2.75	584380082	18.78			51794813	49995543	3.6	-6.48	503013163	425295958	18.27	162268463	15.09	2.75	583216214	20.14	803876999	0	0	-282000	44074500	5.48			20131108	125652378
201311	2330	台積電	44329997	44295001	0.08	-14.41	547343160	469590959	16.56	151507283	10.15	-6.03	584457308	16.8			44329997	44295001	0.08	-14.41	547343160	469590959	16.56	151507283	11.61	-6.03	583901933	18.23	803876999	0	0	340500	44415000	5.53			20131210	125652388
201312	2330	台積電	49681037	37154275	33.72	12.07	597024197	506745234	17.82	145805847	11.04	-10.32	597024197	17.82			49681037	37154275	33.72	12.07	597024197	506745234	17.82	145805847	12.6	-10.32	597024197	17.82	847508255	0	0	285000	44700000	5.27			20140110	125652397
201401	2330	台積電	51429993	47438687	8.41	3.52	51429993	47438687	8.41	145441027	12.92	-10.37	601015503	15.78			51429993	47438687	8.41	3.52	51429993	47438687	8.41	145441027	13.94	-10.37	601015503	17.1	847508255	0	0	741000	45441000	5.36			20140210	125652401
201402	2330	台積電	46829051	41182084	13.71	-8.95	98259044	88620771	10.88	147940081	17.66	-2.35	606662470	15.24			46829051	41182084	13.71	-8.95	98259044	88620771	10.88	147940081	18.18	-2.35	606662470	16.47	847508255	0	0	6000	45447000	5.36			20140310	125652409
201403	2330	台積電	49956128	44134225	13.19	6.68	148215172	132754996	11.65	148215172	11.65	1.65	612484373	14.81			49956128	44134225	13.19	6.68	148215172	132754996	11.65	148215172	11.65	1.65	612484373	15.92	897773643	0	0	277500	45724500	5.09			20140410	125652417
201404	2330	台積電	61887391	50070645	23.6	23.88	210102563	182825641	14.92	158672570	17.2	9.1	624301119	14.96			61887391	50070645	23.6	23.88	210102563	182825641	14.92	158672570	17.2	9.1	624301119	15.95	897773643	0	0	-409500	45315000	5.05			20140509	125652424
201405	2330	台積電	60789137	51787926	17.38	-1.77	270891700	234613567	15.46	172632656	18.25	16.69	633302330	15			60789137	51787926	17.38	-1.77	270891700	234613567	15.46	172632656	18.25	16.69	633302330	15.86	897773643	0	0	-340500	44974500	5.01			20140610	125654225
201406	2330	台積電	60343956	54027749	11.69	-0.73	331235656	288641316	14.76	183020484	17.41	23.48	639618537	13.95			60343956	54027749	11.69	-0.73	331235656	288641316	14.76	183020484	17.41	23.48	639618537	14.68	876786514	0	0	-190500	44784000	5.11			20140710	134864879
201407	2330	台積電	64924870	52103384	24.61	7.59	396160526	340744700	16.26	186057963	17.82	17.26	652440023	15.5			64924870	52103384	24.61	7.59	396160526	340744700	16.26	186057963	17.82	17.26	652440023	16.1	876786514	0	0	190500	44974500	5.13			20140808	134864887
201408	2330	台積電	69278551	55091177	25.75	6.71	465439077	395835877	17.58	194547377	20.67	12.69	666627397	16.85			69278551	55091177	25.75	6.71	465439077	395835877	17.58	194547377	20.67	12.69	666627397	17.34	876786514	0	0	-126000	44848500	5.12			20140910	134864892
201409	2330	台積電	74846313	55382473	35.14	8.04	540285390	451218350	19.74	209049734	28.59	14.22	686091237	17.78			74846313	55382473	35.14	8.04	540285390	451218350	19.74	209049734	28.59	14.22	686091237	18.15	956419607	0	0	856500	45705000	4.78			20141009	143236872
201410	2330	台積電	80736353	51794813	55.88	7.87	621021743	503013163	23.46	224861217	38.57	20.86	715032777	22.36			80736353	51794813	55.88	7.87	621021743	503013163	23.46	224861217	38.57	20.86	715032777	22.6	956419607	0	0	-130500	45574500	4.77			20141110	143964840
201411	2330	台積電	72274532	44329997	63.04	-10.48	693296275	547343160	26.67	227857198	50.39	17.12	742977312	27.12			72274532	44329997	63.04	-10.48	693296275	547343160	26.67	227857198	50.39	17.12	742977312	27.24	956419607	0	0	3566858	49141358	5.14			20141210	146966686
201412	2330	台積電	69510190	49681037	39.91	-3.82	762806465	597024197	27.77	222521075	52.61	6.44	762806465	27.77			69510190	49681037	39.91	-3.82	762806465	597024197	27.77	222521075	52.61	6.44	762806465	27.77	1045548501	0	0	1075001	50216359	4.8			20150109	152957761
201501	2330	台積電	87120068	51429993	69.4	25.33	87120068	51429993	69.4	228904790	57.39	1.8	798496540	32.86			87120068	51429993	69.4	25.33	87120068	51429993	69.4	228904790	57.39	1.8	798496540	32.86	1045548501	0	0	-258063	49958296	4.78			20150210	152957767
201502	2330	台積電	62645075	46829051	33.77	-28.09	149765143	98259044	52.42	219275333	48.22	-3.77	814312564	34.23			62645075	46829051	33.77	-28.09	149765143	98259044	52.42	219275333	48.22	-3.77	814312564	34.23	1045548501	0	0	-82327	49875969	4.77			20150310	152961382
201503	2330	台積電	72269001	49956128	44.66	15.36	222034144	148215172	49.81	222034144	49.81	-0.22	836625437	36.6			72269001	49956128	44.66	15.36	222034144	148215172	49.81	222034144	49.81	-0.22	836625437	36.6	1123843499	0	0	-161488	49714481	4.42			20150410	162166715
201504	2330	台積電	75329510	61887391	21.72	4.23	297363654	210102563	41.53	210243586	32.5	-8.15	850067556	36.16			75329510	61887391	21.72	4.23	297363654	210102563	41.53	210243586	32.5	-8.15	850067556	36.16	1123843499	0	0	-1027506	48686975	4.33			20150508	162166721
201505	2330	台積電	70154763	60789137	15.41	-6.87	367518417	270891700	35.67	217753274	26.14	-0.69	859433182	35.71			70154763	60789137	15.41	-6.87	367518417	270891700	35.67	217753274	26.14	-0.69	859433182	35.71	1123843499	0	0	188403	48875378	4.35			20150610	162166725
201506	2330	台積電	59955479	60343956	-0.64	-14.54	427473896	331235656	29.05	205439752	12.25	-7.47	859044705	34.31			59955479	60343956	-0.64	-14.54	427473896	331235656	29.05	205439752	12.25	-7.47	859044705	34.31	1066580381	0	0	315059	49190437	4.61			20150710	171350513
201507	2330	台積電	80952810	64924870	24.69	35.02	508426706	396160526	28.34	211063052	13.44	0.39	875072645	34.12			80952810	64924870	24.69	35.02	508426706	396160526	28.34	211063052	13.44	0.39	875072645	34.12	1066580381	0	0	764692	49955129	4.68			20150810	171350514
201508	2330	台積電	67038016	69278551	-3.23	-17.19	575464722	465439077	23.64	207946305	6.89	-4.5	872832110	30.93			67038016	69278551	-3.23	-17.19	575464722	465439077	23.64	207946305	6.89	-4.5	872832110	30.93	1066580381	0	0	1467639	51422768	4.82			20150910	171363163
201509	2330	台積電	64514083	74846313	-13.8	-3.76	639978805	540285390	18.45	212504909	1.65	3.44	862499880	25.71			64514083	74846313	-13.8	-3.76	639978805	540285390	18.45	212504909	1.65	3.44	862499880	25.71	1150959166	0	0	674449	52097217	4.53			20151008	180463149
201510	2330	台積電	81743395	80736353	1.25	26.71	721722200	621021743	16.22	213295494	-5.14	1.06	863506922	20.76			81743395	80736353	1.25	26.71	721722200	621021743	16.22	213295494	-5.14	1.06	863506922	20.76	1150959166	0	0	-565207	51532010	4.48			20151110	180463158
201511	2330	台積電	63428163	72274532	-12.24	-22.41	785150363	693296275	13.25	209685641	-7.97	0.84	854660553	15.03			63428163	72274532	-12.24	-22.41	785150363	693296275	13.25	209685641	-7.97	0.84	854660553	15.03	1150959166	0	0	231149	51763159	4.5			20151210	180464969
201512	2330	台積電	58347005	69510190	-16.06	-8.01	843497368	762806465	10.58	203518563	-8.54	-4.23	843497368	10.58			58347005	69510190	-16.06	-8.01	843497368	762806465	10.58	203518563	-8.54	-4.23	843497368	10.58	1221671719	0	0	316643	52079802	4.26			20160108	187163134
201601	2330	台積電	70855235	87120068	-18.67	21.44	70855235	87120068	-18.67	192630403	-15.85	-9.69	827232535	3.6			70855235	87120068	-18.67	21.44	70855235	87120068	-18.67	192630403	-15.85	-9.69	827232535	3.6	1221671719	0	0	943595	53023397	4.34			20160215	189552387
201602	2330	台積電	59551321	62645075	-4.94	-15.95	130406556	149765143	-12.93	188753561	-13.92	-9.98	824138781	1.21			59551321	62645075	-4.94	-15.95	130406556	149765143	-12.93	188753561	-13.92	-9.98	824138781	1.21	1221671719	0	0	-405303	52618094	4.31			20160310	189552392
201603	2330	台積電	73088805	72269001	1.13	22.73	203495361	222034144	-8.35	203495361	-8.35	-0.01	824958585	-1.39			73088805	72269001	1.13	22.73	203495361	222034144	-8.35	203495361	-8.35	-0.01	824958585	-1.39	1279973107	0	0	-1670290	50947804	3.98			20160408	198560432
201604	2330	台積電	66843310	75329510	-11.27	-8.55	270338671	297363654	-9.09	199483436	-5.12	3.56	816472385	-3.95			66843310	75329510	-11.27	-8.55	270338671	297363654	-9.09	199483436	-5.12	3.56	816472385	-3.95	1279973107	0	0	-11221071	39726733	3.1			20160510	198560438
201605	2330	台積電	73575784	70154763	4.88	10.07	343914455	367518417	-6.42	213507899	-1.95	13.11	819893406	-4.6			73575784	70154763	4.88	10.07	343914455	367518417	-6.42	213507899	-1.95	13.11	819893406	-4.6	1279973107	0	0	488353	40215086	3.14			20160608	198561403
201606	2330	台積電	81390752	59955479	35.75	10.62	425305207	427473896	-0.51	221809846	7.97	9	841328679	-2.06			81390752	59955479	35.75	10.62	425305207	427473896	-0.51	221809846	7.97	9	841328679	-2.06	1196454137	0	0	-403261	39811825	3.33			20160711	204854195
201607	2330	台積電	76391654	80952810	-5.63	-6.14	501696861	508426706	-1.32	231358190	9.62	15.98	836767523	-4.38			76391654	80952810	-5.63	-6.14	501696861	508426706	-1.32	231358190	9.62	15.98	836767523	-4.38	1196454137	0	0	-489586	39322239	3.29			20160810	204854203
201608	2330	台積電	94311424	67038016	40.68	23.46	596008285	575464722	3.57	252093830	21.23	18.07	864040931	-1.01			94311424	67038016	40.68	23.46	596008285	575464722	3.57	252093830	21.23	18.07	864040931	-1.01	1196454137	0	0	-207180	39115059	3.27			20160909	207853240
201609	2330	台積電	89702807	64514083	39.04	-4.89	685711092	639978805	7.15	260405885	22.54	17.4	889229655	3.1			89702807	64514083	39.04	-4.89	685711092	639978805	7.15	260405885	22.54	17.4	889229655	3.1	1283113034	0	0	-424225	38690834	3.02			20161007	214051449
201610	2330	台積電	91085318	81743395	11.43	1.54	776796410	721722200	7.63	275099549	28.98	18.91	898571578	4.06			91085318	81743395	11.43	1.54	776796410	721722200	7.63	275099549	28.98	18.91	898571578	4.06	1283113034	0	0	215812	38906646	3.03			20161110	214057834
201611	2330	台積電	93029912	63428163	46.67	2.13	869826322	785150363	10.78	273818037	30.59	8.62	928173327	8.6			93029912	63428163	46.67	2.13	869826322	785150363	10.78	273818037	30.59	8.62	928173327	8.6	1283113034	0	0	432858	39339504	3.07			20161209	216952420
201612	2330	台積電	78112022	58347005	33.87	-16.04	947938344	843497368	12.38	262227252	28.85	0.7	947938344	12.38			78112022	58347005	33.87	-16.04	947938344	843497368	12.38	262227252	28.85	0.7	947938344	12.38	1389248261	0	0	368731	39708235	2.86			20170110	226059605
201701	2330	台積電	76616258	70855235	8.13	-1.91	76616258	70855235	8.13	247758192	28.62	-9.94	953699367	15.29			76616258	70855235	8.13	-1.91	76616258	70855235	8.13	247758192	28.62	-9.94	953699367	15.29	1389248261	0	0	-1104959	38603276	2.78			20170210	226059615
201702	2330	台積電	71422961	59551321	19.94	-6.78	148039219	130406556	13.52	226151241	19.81	-17.41	965571007	17.16			71422961	59551321	19.94	-6.78	148039219	130406556	13.52	226151241	19.81	-17.41	965571007	17.16	1389248261	0	0	-712797	37890479	2.73			20170310	226063336
201703	2330	台積電	85875181	73088805	17.49	20.23	233914400	203495361	14.95	233914400	14.95	-10.8	978357383	18.59			85875181	73088805	17.49	20.23	233914400	203495361	14.95	233914400	14.95	-10.8	978357383	18.59	1455513363	0	0	-437791	37452688	2.57			20170410	235163325
201704	2330	台積電	56871933	66843310	-14.92	-33.77	290786333	270338671	7.56	214170075	7.36	-13.56	968386006	18.61			56871933	66843310	-14.92	-33.77	290786333	270338671	7.56	214170075	7.36	-13.56	968386006	18.61	1455513363	0	0	-247876	37204812	2.56			20170510	235163342
201705	2330	台積電	72795974	73575784	-1.06	28	363582307	343914455	5.72	215543088	0.95	-4.69	967606196	18.02			72795974	73575784	-1.06	28	363582307	343914455	5.72	215543088	0.95	-4.69	967606196	18.02	1455513363	0	0	-66593	37138219	2.55			20170609	235163357
201706	2330	台積電	84187305	81390752	3.44	15.65	447769612	425305207	5.28	213855212	-3.59	-8.58	970402749	15.34			84187305	81390752	3.44	15.65	447769612	425305207	5.28	213855212	-3.59	-8.58	970402749	15.34	1341685497	0	0	368730	37506949	2.8			20170710	241350619
201707	2330	台積電	71611190	76391654	-6.26	-14.94	519380802	501696861	3.52	228594469	-1.19	6.74	965622285	15.4			71611190	76391654	-6.26	-14.94	519380802	501696861	3.52	228594469	-1.19	6.74	965622285	15.4	1341685497	0	0	-196081	37310868	2.78			20170810	241351474
201708	2330	台積電	91917167	94311424	-2.54	28.36	611297969	596008285	2.57	247715662	-1.74	14.93	963228028	11.48			91917167	94311424	-2.54	28.36	611297969	596008285	2.57	247715662	-1.74	14.93	963228028	11.48	1341685497	0	0	-108522	37202346	2.77			20170908	244265037
201709	2330	台積電	88578988	89702807	-1.25	-3.63	699876957	685711092	2.07	252107345	-3.19	17.89	962104209	8.2			88578988	89702807	-1.25	-3.63	699876957	685711092	2.07	252107345	-3.19	17.89	962104209	8.2	1430716847	0	0	88791	37291137	2.61			20171006	251137071
201710	2330	台積電	94519722	91085318	3.77	6.71	794396679	776796410	2.27	275015877	-0.03	20.31	965538613	7.45			94519722	91085318	3.77	6.71	794396679	776796410	2.27	275015877	-0.03	20.31	965538613	7.45	1430716847	0	0	-94957	37196180	2.6			20171110	253361493
201711	2330	台積電	93153310	93029912	0.13	-1.45	887549989	869826322	2.04	276252020	0.89	11.52	965662011	4.04			93153310	93029912	0.13	-1.45	887549989	869826322	2.04	276252020	0.89	11.52	965662011	4.04	1430716847	0	0	-198548	36997632	2.59			20171208	253361503
201712	2330	台積電	89897252	78112022	15.09	-3.5	977447241	947938344	3.11	277570284	5.85	10.1	977447241	3.11			89897252	78112022	15.09	-3.5	977447241	947938344	3.11	277570284	5.85	10.1	977447241	3.11	1522057533	0	0	-421759	36575873	2.4			20180110	262458633
201801	2330	台積電	79740672	76616258	4.08	-11.3	79740672	76616258	4.08	262791234	6.07	-4.45	980571655	2.82			79740672	76616258	4.08	-11.3	79740672	76616258	4.08	262791234	6.07	-4.45	980571655	2.82	1522057533	0	0	-525349	36050524	2.37			20180209	262458637
201802	2330	台積電	64640562	71422961	-9.5	-18.94	144381234	148039219	-2.47	234278486	3.59	-15.19	973789256	0.85			64640562	71422961	-9.5	-18.94	144381234	148039219	-2.47	234278486	3.59	-15.19	973789256	0.85	1522057533	0	0	-27130	36023394	2.37			20180309	262463217
201803	2330	台積電	103697437	85875181	20.75	60.42	248078671	233914400	6.06	248078671	6.06	-10.62	991611512	1.35			103697437	85875181	20.75	60.42	248078671	233914400	6.06	248078671	6.06	-10.62	991611512	1.35	1605898389	0	0	-145519	35877875	2.23			20180410	268654301
201804	2330	台積電	81869781	56871933	43.95	-21.05	329948452	290786333	13.47	250207780	16.83	-4.79	1016609360	4.98			81869781	56871933	43.95	-21.05	329948452	290786333	13.47	250207780	16.83	-4.79	1016609360	4.98	1605898389	0	0	-33420337	2457538	0.15			20180510	268655159
201805	2330	台積電	80968732	72795974	11.23	-1.1	410917184	363582307	13.02	266535950	23.66	13.77	1024782118	5.91			80968732	72795974	11.23	-1.1	410917184	363582307	13.02	266535950	23.66	13.77	1024782118	5.91	1605898389	0	0	36365	2493903	0.16			20180608	271552524
201806	2330	台積電	70438298	84187305	-16.33	-13.01	481355482	447769612	7.5	233276811	9.08	-5.97	1011033111	4.19			70438298	84187305	-16.33	-13.01	481355482	447769612	7.5	233276811	9.08	-5.97	1011033111	4.19	1490001542	0	0	46599	2540502	0.16			20180710	280951397
201807	2330	台積電	74370924	71611190	3.85	5.58	555726406	519380802	7	225777954	-1.23	-9.76	1013792845	4.99			74370924	71611190	3.85	5.58	555726406	519380802	7	225777954	-1.23	-9.76	1013792845	4.99	1490001542	0	0	6241	2546743	0.16			20180810	280951403
201808	2330	台積電	91055038	91917167	-0.94	22.43	646781444	611297969	5.8	235864260	-4.78	-11.51	1012930716	5.16			91055038	91917167	-0.94	22.43	646781444	611297969	5.8	235864260	-4.78	-11.51	1012930716	5.16	1490001542	0	0	7905	2554648	0.17			20180910	280951405
201809	2330	台積電	94921920	88578988	7.16	4.25	741703364	699876957	5.98	260347882	3.27	11.6	1019273648	5.94			94921920	88578988	7.16	4.25	741703364	699876957	5.98	260347882	3.27	11.6	1019273648	5.94	1575171914	0	0	-16226	2538422	0.17			20181009	290054244
201810	2330	台積電	101550181	94519722	7.44	6.98	843253545	794396679	6.15	287527139	4.55	27.35	1026304107	6.29			101550181	94519722	7.44	6.98	843253545	794396679	6.15	287527139	4.55	27.35	1026304107	6.29	1575171914	0	0	36530	2574952	0.17			20181109	290054251
201811	2330	台積電	98389414	93153310	5.62	-3.11	941642959	887549989	6.09	294861515	6.74	25.01	1031540211	6.82			98389414	93153310	5.62	-3.11	941642959	887549989	6.09	294861515	6.74	25.01	1031540211	6.82	1575171914	0	0	-10984	2563968	0.16			20181210	290054255
201812	2330	台積電	89830598	89897252	-0.07	-8.7	1031473557	977447241	5.53	289770193	4.4	11.3	1031473557	5.53			89830598	89897252	-0.07	-8.7	1031473557	977447241	5.53	289770193	4.4	11.3	1031473557	5.53	1676817665	0	0	-5991	2557977	0.16			20190110	298851395
201901	2330	台積電	78093827	79740672	-2.07	-13.07	78093827	79740672	-2.07	266313839	1.34	-7.38	1029826712	5.02			78093827	79740672	-2.07	-13.07	78093827	79740672	-2.07	266313839	1.34	-7.38	1029826712	5.02	1676817665	0	0	0	2557977	0.16			20190215	298851398
201902	2330	台積電	60889055	64640562	-5.8	-22.03	138982882	144381234	-3.74	228813480	-2.33	-22.4	1026075205	5.37			60889055	64640562	-5.8	-22.03	138982882	144381234	-3.74	228813480	-2.33	-22.4	1026075205	5.37	1676817665	0	0	1831	2559808	0.15			20190308	298852328
201903	2330	台積電	79721587	103697437	-23.12	30.93	218704469	248078671	-11.84	218704469	-11.84	-24.52	1002099355	1.06			79721587	103697437	-23.12	30.93	218704469	248078671	-11.84	218704469	-11.84	-24.52	1002099355	1.06	1742845624	0	0	5658	2565466	0.15			20190410	305837988
201904	2330	台積電	74693615	81869781	-8.77	-6.31	293398084	329948452	-11.08	215304257	-13.95	-19.15	994923189	-2.13			74693615	81869781	-8.77	-6.31	293398084	329948452	-11.08	215304257	-13.95	-19.15	994923189	-2.13	1742845624	0	0	5575	2571041	0.15			20190510	308260583
201905	2330	台積電	80436931	80968732	-0.66	7.69	373835015	410917184	-9.02	234852133	-11.89	2.64	994391388	-2.97			80436931	80968732	-0.66	7.69	373835015	410917184	-9.02	234852133	-11.89	2.64	994391388	-2.97	1742845624	0	0	58333	2629374	0.15			20190610	308260586
201906	2330	台積電	85867929	70438298	21.91	6.75	459702944	481355482	-4.5	240998475	3.31	10.19	1009821019	-0.12			85867929	70438298	21.91	6.75	459702944	481355482	-4.5	240998475	3.31	10.19	1009821019	-0.12	1553814579	0	0	-45102	2584272	0.15			20190710	315558687
201907	2330	台積電	84757724	74370924	13.97	-1.29	544460668	555726406	-2.03	251062584	11.2	16.61	1020207819	0.63			84757724	74370924	13.97	-1.29	544460668	555726406	-2.03	251062584	11.2	16.61	1020207819	0.63	1553814579	0	0	2330	2586602	0.15			20190812	317453188
201908	2330	台積電	106117619	91055038	16.54	25.2	650578287	646781444	0.59	276743272	17.33	17.84	1035270400	2.21			106117619	91055038	16.54	25.2	650578287	646781444	0.59	276743272	17.33	17.84	1035270400	2.21	1553814579	0	0	24631	2611233	0.17			20190910	317454439
201909	2330	台積電	102170096	94921920	7.64	-3.72	752748383	741703364	1.49	293045439	12.56	21.6	1042518576	2.28			102170096	94921920	7.64	-3.72	752748383	741703364	1.49	293045439	12.56	21.6	1042518576	2.28	1586856066	0	0	-29374	2581859	0.17			20191009	324337084
201910	2330	台積電	106039531	101550181	4.42	3.79	858787914	843253545	1.84	314327246	9.32	25.2	1047007926	2.02			106039531	101550181	4.42	3.79	858787914	843253545	1.84	314327246	9.32	25.2	1047007926	2.02	1586856066	0	0	-50677	2531182	0.16			20191108	326557682
201911	2330	台積電	107884396	98389414	9.65	1.74	966672310	941642959	2.66	316094023	7.2	14.22	1056502908	2.42			107884396	98389414	9.65	1.74	966672310	941642959	2.66	316094023	7.2	14.22	1056502908	2.42	1586856066	0	0	7240	2538422	0.16			20191210	326558609
201912	2330	台積電	103313138	89830598	15.01	-4.24	1069985448	1031473557	3.73	317237065	9.48	8.26	1069985448	3.73			103313138	89830598	15.01	-4.24	1069985448	1031473557	3.73	317237065	9.48	8.26	1069985448	3.73	1621410124	0	0	-43022	2495400	0.16			20200110	334469502
202001	2330	台積電	103683135	78093827	32.77	0.36	103683135	78093827	32.77	314880669	18.24	0.18	1095574756	6.38			103683135	78093827	32.77	0.36	103683135	78093827	32.77	314880669	18.24	0.18	1095574756	6.38	1621410124	0	0	19722	2515122	0.16			20200210	335655181
202002	2330	台積電	93394449	60889055	53.38	-9.92	197077584	138982882	41.8	300390722	31.28	-4.97	1128080150	9.94			93394449	60889055	53.38	-9.92	197077584	138982882	41.8	300390722	31.28	-4.97	1128080150	9.94	1621410124	0	0	3162	2518284	0.16			20200310	335656148
