年月	股票代號	股票名稱	單月合併營收(千)	去年單月合併營收(千)	單月合併營收年成長(%)	單月合併營收月變動(%)	累計合併營收(千)	去年累計合併營收(千)	累計合併營收成長(%)	近三月合併營收(千)	近三月合併營收年成長(%)	近三月合併營收月變動(%)	近12月累計合併營收(千)	近12月營收合併成長(%)	預估年營收(千)	累計營收達成率(%)	單月營收(千)	去年單月營收(千)	單月營收年成長(%)	單月營收月變動(%)	累計營收(千)	去年累計營收(千)	累計營收成長(%)	近三月營收(千)	近三月營收年成長(%)	近三月營收月變動(%)	近12月累計營收(千)	近12月營收成長(%)	淨值(千)	資金貸放餘額(千)	資金貸放佔淨值比(%)	背書保證單月金額(千)	背書保證累計餘額(千)	背書保証累計餘額佔淨值比(%)	重要子公司本月營業收入淨額(千)	重要子公司本年累計營收淨額(千)	公告日	RTIME
200001	2454	聯發科															914479			31.25	914479			2323674		33.87			3300736								20000210	
200002	2454	聯發科															763779			-16.48	1678258			2374991		25.31			3300736								20000310	
200003	2454	聯發科															895331			17.22	2573589			2573589		28.05			3914649								20000410	
200004	2454	聯發科															879893			-1.72	3453482			2539003		9.27			3914649								20000510	
200005	2454	聯發科															1069545			21.55	4523027			2844769		19.78			3914649								20000610	
200006	2454	聯發科															1046336			-2.17	5569363			2995774		16.4	9325751		4696811								20000710	
200007	2454	聯發科															1207571	611409	97.51	15.41	6776934			3323452		30.9	9921913		4696811								20000810	
200008	2454	聯發科															1208561	552888	118.59	0.08	7985495			3462468		21.71	10577586		4696811								20000910	
200009	2454	聯發科															1483057	582315	154.68	22.71	9468552			3899189	123.24	30.16	11478328		5968030								20001010	
200010	2454	聯發科															1415563	600581	135.7	-4.55	10884115			4107181	136.62	23.58	12293310		5968030								20001110	
200011	2454	聯發科															1236250	712462	73.52	-12.67	12120365			4134870	118.16	19.42	12817098		5968030								20001210	
200012	2454	聯發科					12861702										741338	696733	6.4	-40.03	12861703			3393151	68.83	-12.98	12861703		6613726								20010110	
200101	2454	聯發科															684275	914479	-25.17	-7.7	684275	914479	-25.17	2661863	14.55	-35.19	12631499		6613726								20010210	
200102	2454	聯發科													16003072	8.35	651288	763779	-14.73	-4.82	1335563	1678258	-20.42	2076901	-12.55	-49.77	12519008		6613726								20010310	
200103	2454	聯發科													16003072	14.1	920429	895331	2.8	41.32	2255992	2573589	-12.34	2255992	-12.34	-33.51	12544106		7359798								20010410	
200104	2454	聯發科													16003072	20.22	979936	879893	11.37	6.47	3235928	3453482	-6.3	2551653	0.5	-4.14	12644149		7359798								20010510	
200105	2454	聯發科													16003072	26.47	1000689	1069545	-6.44	2.12	4236617	4523027	-6.33	2901054	1.98	39.68	12575293		7359798								20010610	
200106	2454	聯發科													16003072	32.74	1002651	1046336	-4.18	0.2	5239268	5569363	-5.93	2983276	-0.42	32.24	12531608	34.38	8451724								20010710	
200107	2454	聯發科													16003072	39.15	1025363	1207571	-15.09	2.27	6264631	6776934	-7.56	3028703	-8.87	18.7	12349400	24.47	8451724								20010810	
200108	2454	聯發科													16003072	47.97	1412116	1208561	16.84	37.72	7676747	7985495	-3.87	3440130	-0.65	18.58	12552955	18.68	8451724								20010910	
200109	2454	聯發科													16003072	58.4	1669035	1483057	12.54	18.19	9345782	9468552	-1.3	4106514	5.32	37.65	12738933	10.98	10341013								20011010	
200110	2454	聯發科													16003072	70.24	1894855	1415563	33.86	13.53	11240637	10884115	3.28	4976006	21.15	64.29	13218225	7.52	10341013								20011110	
200111	2454	聯發科													16003072	83.09	2055615	1236250	66.28	8.48	13296252	12120365	9.7	5619505	35.91	63.35	14037590	9.52	10341013								20011210	
200112	2454	聯發科					15375350	12861702	19.54					19.54	15200000	101.15	2079098	741338	180.45	1.14	15375350	12861703	19.54	6029568	77.7	46.83	15375350	19.54	13165083								20020110	
200201	2454	聯發科															2352605	684275	243.81	13.16	2352605	684275	243.81	6487318	143.71	30.37	17043680	34.93	13165083								20020210	
200202	2454	聯發科															2093025	651288	221.37	-11.03	4445630	1335563	232.87	6524728	214.16	16.11	18485417	47.66	13165083								20020310	
200203	2454	聯發科															2513493	920429	173.08	20.09	6959123	2255992	208.47	6959123	208.47	15.42	20078481	60.06	16392220								20020410	
200204	2454	聯發科															2742147	979936	179.83	9.1	9701270	3235928	199.8	7348665	188	13.28	21840692	72.73	16392220								20020510	
200205	2454	聯發科													25809029	45.76	2107812	1000689	110.64	-23.13	11809082	4236617	178.74	7363452	153.82	12.85	22947815	82.48	16392220								20020610	
200206	2454	聯發科													25809029	53.26	1936864	1002651	93.17	-8.11	13745946	5239268	162.36	6786823	127.5	-2.48	23882028	90.57	17438029								20020710	
200207	2454	聯發科													25809029	59.99	1736816	1025363	69.39	-10.33	15482762	6264631	147.15	5781492	90.89	-21.33	24593481	99.15	17438029								20020810	
200208	2454	聯發科													25809029	68.11	2096473	1412116	48.46	20.71	17579235	7676747	128.99	5770153	67.73	-21.64	25277838	101.37	17438029								20020910	
200209	2454	聯發科													25809029	79.41	2916664	1669035	74.75	39.12	20495899	9345782	119.31	6749953	64.37	-0.54	26525467	108.22	20072908								20021010	
200210	2454	聯發科													25809029	91.06	3005278	1894855	58.6	3.04	23501177	11240637	109.07	8018415	61.14	38.69	27635890	109.07	20072908								20021110	
200211	2454	聯發科													25809029	102.47	2945884	2055615	43.31	-1.98	26447061	13296252	98.91	8867826	57.8	53.68	28526159	103.21	20072908								20021210	
200212	2454	聯發科					29513149	15375350	91.95					91.95	25809029	114.35	3066087	2079098	47.47	4.08	29513148	15375350	91.95	9017249	49.55	33.59	29513148	91.95	23847821								20030110	
200301	2454	聯發科															2917979	2352605	24.03	-4.83	2917979	2352605	24.03	8929950	37.65	11.37	30078522	76.48	23847821								20030210	
200302	2454	聯發科															2662293	2093025	27.2	-8.76	5580272	4445630	25.52	8646359	32.52	-2.5	30647790	65.79	23847821								20030310	
200303	2454	聯發科															3016578	2513493	20.02	13.31	8596850	6959123	23.53	8596850	23.53	-4.66	31150875	55.15	27649603								20030410	
200304	2454	聯發科													32428319	35.52	2921112	2742147	6.53	-3.16	11517962	9701270	18.73	8599983	17.03	-3.7	31329840	43.45	27649603								20030510	
200305	2454	聯發科													32428319	43.82	2691091	2107812	27.67	-7.87	14209053	11809082	20.32	8628781	17.18	-0.2	31913119	39.07	27649603								20030610	
200306	2454	聯發科													32428319	51.09	2357761	1936864	21.73	-12.39	16566814	13745946	20.52	7969964	17.43	-7.29	32334016	35.39	26727453								20030710	
200307	2454	聯發科													32428319	59.22	2637680	1736816	51.87	11.87	19204494	15482762	24.04	7686532	32.95	-10.62	33234880	35.14	26727453								20030810	
200308	2454	聯發科													32428319	70.35	3607959	2096473	72.1	36.79	22812453	17579235	29.77	8603400	49.1	-0.29	34746366	37.46	26727453								20030910	
200309	2454	聯發科													32428319	83.74	4342813	2916664	48.9	20.37	27155266	20495899	32.49	10588452	56.87	32.85	36172515	36.37	31070352								20031010	
200310	2454	聯發科													32428319	95.96	3962744	3005278	31.86	-8.75	31118010	23501177	32.41	11913516	48.58	54.99	37129981	34.35	31070352								20031110	
200311	2454	聯發科													32428319	107.45	3725123	2945884	26.45	-6	34843133	26447061	31.75	12030680	35.67	39.84	37909220	32.89	31070352								20031210	
200312	2454	聯發科					38095598	29513149	29.08					29.08	32428319	117.38	3221284	3066087	5.06	-13.53	38064417	29513148	28.97	10909151	20.98	3.03	38064417	28.97	36035074								20040110	
200401	2454	聯發科															2816104	2917979	-3.49	-12.58	2816104	2917979	-3.49	9762511	9.32	-18.06	37962542	26.21	36035074								20040210	
200402	2454	聯發科															3226458	2662293	21.19	14.57	6042562	5580272	8.28	9263846	7.14	-23	38526707	25.71	36035074								20040310	
200403	2454	聯發科															3528915	3016578	16.98	9.37	9571477	8596850	11.34	9571477	11.34	-12.26	39039044	25.32	39919152								20040410	
200404	2454	聯發科															3541542	2921112	21.24	0.36	13113019	11517962	13.85	10296915	19.73	5.47	39659474	26.59	39919152								20040510	
200405	2454	聯發科													43051538	37.59	3071596	2691091	14.14	-13.27	16184615	14209053	13.9	10142053	17.54	9.48	40039979	25.47	39919152								20040610	
200406	2454	聯發科													43051538	44.68	3052285	2357761	29.46	-0.63	19236900	16566814	16.12	9665423	21.27	0.98	40734503	25.98	36297158								20040710	
200407	2454	聯發科													43051538	51.22	2814274	2637680	6.7	-7.8	22051174	19204494	14.82	8938155	16.28	-13.2	40911097	23.1	36297158								20040810	
200408	2454	聯發科													43051538	60.76	4105748	3607959	13.8	45.89	26156922	22812453	14.66	9972307	15.91	-1.67	41408886	19.17	36297158								20040910	
200409	2454	聯發科													43051538	70.67	4266348	4342813	-1.76	3.91	30423270	27155266	12.03	11186370	5.65	15.74	41332421	14.26	40635426								20041010	
200410	2454	聯發科													43051538	78.94	3562459	3962744	-10.1	-16.5	33985729	31118010	9.22	11934555	0.18	33.52	40932136	10.24	40635426								20041110	
200411	2454	聯發科													43051538	86.43	3222740	3725123	-13.49	-9.54	37208469	34843133	6.79	11051547	-8.14	10.82	40429753	6.65	40635426								20041210	
200412	2454	聯發科					40547212	38095598	6.44					6.44	43051538	93.04	2845832	3221284	-11.66	-11.7	40054301	38064417	5.23	9631031	-11.72	-13.9	40054301	5.23	42638280								20050110	
200501	2454	聯發科															3032758	2816104	7.69	6.57	3032758	2816104	7.69	9101330	-6.77	-23.74	40270955	6.08	42638280								20050210	
200502	2454	聯發科															2769801	3226458	-14.15	-8.67	5802559	6042562	-3.97	8648391	-6.64	-21.74	39814298	3.34	42638280								20050310	
200503	2454	聯發科															3216240	3528915	-8.86	16.12	9018799	9571477	-5.77	9018799	-5.77	-6.36	39501623	1.18	45352798								20050410	
200504	2454	聯發科															3342821	3541542	-5.61	3.94	12361620	13113019	-5.73	9328862	-9.4	2.5	39302902	-0.9	45352798								20050510	
200505	2454	聯發科															3236003	3071596	5.35	-3.2	15597623	16184615	-3.63	9795064	-3.42	13.26	39467309	-1.43	45352798								20050610	
200506	2454	聯發科					21734823										3391481	3052285	11.11	4.8	18989104	19236900	-1.29	9970305	3.15	10.55	39806505	-2.28	40998852								20050710	
200507	2454	聯發科															3651588	2814274	29.75	7.67	22640692	22051174	2.67	10279072	15	10.19	40643819	-0.65	40998852								20050810	
200508	2454	聯發科															4507139	4105748	9.78	23.43	27147830	26156922	3.79	11550208	15.82	17.92	41045210	-0.88	40998852								20050910	
200509	2454	聯發科															4607988	4266348	8.01	2.24	31755818	30423270	4.38	12766715	14.13	28.05	41386850	0.13	47559292								20051010	
200510	2454	聯發科															5096690	3562459	43.07	10.61	36852508	33985729	8.44	14211817	19.08	38.26	42921081	4.86	47559292								20051110	
200511	2454	聯發科															4854790	3222740	50.64	-4.75	41707298	37208469	12.09	14559468	31.74	26.05	44553131	10.2	47559292								20051210	
200512	2454	聯發科					52802760	40547212	30.23					30.23			4783911	2845832	68.1	-1.46	46491209	40054302	16.07	14735391	53	15.42	46491210	16.07	52744250								20060110	
200601	2454	聯發科															3883927	3032758	28.07	-18.81	3883927	3032758	28.07	13522628	48.58	-4.85	47342379	17.56	52744250								20060210	
200602	2454	聯發科															3132768	2769801	13.1	-19.34	7016695	5802559	20.92	11800606	36.45	-18.95	47705346	19.82	52744250								20060310	
200603	2454	聯發科															4077359	3216240	26.77	30.15	11094054	9018799	23.01	11094054	23.01	-24.71	48566465	22.95	57824909								20060410	
200604	2454	聯發科															4522843	3342821	35.3	10.93	15616896	12361620	26.33	11732970	25.77	-13.23	49746487	26.57	57824909								20060510	
200605	2454	聯發科															3734309	3236003	15.4	-17.43	19351204	15597622	24.07	12334511	25.93	4.52	50244793	27.31	57824909								20060610	
200606	2454	聯發科					25174190	21734823	15.82								3493730	3391481	3.01	-6.44	22844935	18989103	20.31	11750882	17.86	5.92	50347042	26.48	52243014								20060710	
200607	2454	聯發科															3856590	3651588	5.61	10.39	26701525	22640691	17.94	11084629	7.84	-5.53	50552044	24.38	52243014								20060810	
200608	2454	聯發科															5345446	4507139	18.6	38.61	32046972	27147831	18.05	12695766	9.92	2.93	51390351	25.2	52243014								20060910	
200609	2454	聯發科															5844663	4607988	26.84	9.34	37891635	31755819	19.32	15046699	17.86	28.05	52627026	27.16	59649678								20061010	
200610	2454	聯發科															5280730	5096690	3.61	-9.65	43172365	36852509	17.15	16470839	15.9	48.59	52811066	23.04	59649678								20061110	
200611	2454	聯發科															5113300	4854790	5.32	-3.17	48285665	41707299	15.77	16238693	11.53	27.91	53069576	19.12	59649678								20061210	
200612	2454	聯發科					56397285	52802760	6.81					6.81			4655940	4783911	-2.68	-8.94	52941605	46491210	13.87	15049970	2.13	0.02	52941605	13.87	67525530								20070110	
200701	2454	聯發科	5064927				5064927										5062024	3883927	30.33	8.72	5062024	3883927	30.33	14831264	9.68	-9.95	54119702	14.32	67525530								20070210	
200702	2454	聯發科	4122717			-18.6	9187644										4119950	3132768	31.51	-18.61	9181974	7016695	30.86	13837914	17.26	-14.78	55106884	15.52	67525530								20070310	
200703	2454	聯發科	5722533			38.8	14910177			14910177							5714994	4077359	40.16	38.72	14896968	11094054	34.28	14896968	34.28	-1.02	56744519	16.84	74962569								20070410	
200704	2454	聯發科	6124879			7.03	21035057			15970129							6108723	4522843	35.06	6.89	21005691	15616897	34.51	15943667	35.89	7.5	58330399	17.26	74962569								20070510	
200705	2454	聯發科	6027505			-1.59	27062518			17874917							5869103	3734309	57.17	-3.92	26874794	19351206	38.88	17692820	43.44	27.86	60465193	20.34	74962569								20070610	
200706	2454	聯發科	6010229			-0.29	33342147	25174190	32.45	18162613		21.81					5675496	3493730	62.45	-3.3	32550290	22844936	42.48	17653322	50.23	18.5	62646959	24.43	66826767								20070710	
200707	2454	聯發科	6932075			15.34	39979217			18969809		18.78					6389013	3856590	65.66	12.57	38939303	26701526	45.83	17933612	61.79	12.48	65179382	28.94	66826767								20070810	
200708	2454	聯發科	9681926			39.67	49661143			22624230		26.57					9020524	5345446	68.75	41.19	47959827	32046972	49.65	21085033	66.08	19.17	68854460	33.98	66826767								20070910	
200709	2454	聯發科	9899688			2.25	59560831			26513689		45.98					9023225	5844663	54.38	0.03	56983052	37891635	50.38	24432762	62.38	38.4	72033022	36.87	79173591								20071010	
200710	2454	聯發科	8162853			-17.54	67723684			27744467		46.26					7278424	5280730	37.83	-19.34	64261476	43172365	48.85	25322173	53.74	41.2	74030716	40.18	79173591								20071110	
200711	2454	聯發科	6707262			-17.83	74430946			24769803		9.48					5896575	5113300	15.32	-18.99	70158052	48285664	45.3	22198224	36.7	5.28	74813991	40.97	79173591								20071210	
200712	2454	聯發科	5263329			-21.53	80671769	56397285	43.04	20133444		-24.06	79719923	43.04			4486067	4655940	-3.65	-23.92	74644118	52941605	40.99	17661066	17.35	-27.72	74644118	40.99	85937057								20080110	
200801	2454	聯發科	6507325	5064927	28.48	23.64	6507325	5064927	28.48	18477916		-33.4	81162321				5332733	5062024	5.35	18.87	5332733	5062024	5.35	15715375	5.96	-37.94	74914827	38.42	85937057								20080210	
200802	2454	聯發科	4982550	4122717	20.86	-23.43	11489875	9187644	25.06	16753204		-32.36	82022154				3795490	4119950	-7.88	-28.83	9128223	9181975	-0.59	13614290	-1.62	-38.67	74590367	35.36	85937057								20080307	
200803	2454	聯發科	7755708	5722533	35.53	55.66	19377922	14910177	29.96	19245583	29.96	-4.41	84055329				6113305	5714994	6.97	61.07	15241528	14896969	2.31	15241528	2.31	-13.7	74988678	32.15	88823618								20080408	
200804	2454	聯發科	8332888	6124879	36.05	7.44	27578472	21035057	31.11	21071146	31.94	14.03	86263338				6599612	6108723	8.04	7.95	21841140	21005692	3.98	16508407	3.54	5.05	75479567	29.4	88823618								20080508	
200805	2454	聯發科	7009288	6027505	16.29	-15.88	34587760	27062518	27.81	23097884	29.22	37.87	87245121				5078517	5869103	-13.47	-23.05	26919657	26874795	0.17	17791434	0.56	30.68	74688981	23.52	88823618								20080610	
200806	2454	聯發科	6816718	6010229	13.42	-2.75	41696202	33342147	25.06	22158894	22	15.14	88051610				4865411	5675496	-14.27	-4.2	31785068	32550291	-2.35	16543540	-6.29	8.54	73878896	17.93	70418733								20080707	
200807	2454	聯發科	8585156	6932075	23.85	25.94	49989634	39979217	25.04	22411162	18.14	6.36	89704691				6482068	6389013	1.46	33.23	38267137	38939304	-1.73	16425996	-8.41	-0.5	73971951	13.49	70418733								20080807	
200808	2454	聯發科	9453951	9681926	-2.35	10.12	59443584	49661143	19.7	24855825	9.86	7.61	89476716				6933526	9020524	-23.14	6.96	45200663	47959827	-5.75	18281005	-13.3	2.75	71884953	4.4	70418733								20080905	
200809	2454	聯發科	9849613	9899688	-0.51	4.19	69748538	59560831	17.1	27888720	5.19	25.86	89426641				7461350	9023225	-17.31	7.61	52662013	56983053	-7.58	20876944	-14.55	26.19	70323078	-2.37	78224782			97541	97541	0.12			20081007	
200810	2454	聯發科	9191287	8162853	12.6	-6.68	78484484	67723684	15.89	28494851	2.7	27.15	90455075				6832486	7278424	-6.13	-8.43	59494499	64261477	-7.42	21227362	-16.17	29.23	69877140	-5.61	78224782			97541	97541	0.12			20081107	
200811	2454	聯發科	6195619	6707262	-7.63	-32.59	84680104	74430946	13.77	25236519	1.88	1.53	89943432				4619569	5896575	-21.66	-32.39	64114068	70158052	-8.61	18913405	-14.8	3.46	68600134	-8.31	78224782			97541	97541				20081204	
200812	2454	聯發科	5109079	5263329	-2.93	-17.54	90402041	80671769	12.06	20495985	1.8	-26.51	89789182	12.06			3901474	4486067	-13.03	-15.54	68015543	74644119	-8.88	15353529	-13.07	-26.46	68015541	-8.88	81610901			59494	157035				20090109	
200901	2454	聯發科	6206521	6507325	-4.62	21.48	6206521	6507325	-4.62	17511219	-5.23	-38.55	89488378	10.26			5151166	5332733	-3.4	32.03	5151166	5332733	-3.4	13672209	-13	-35.59	67833974	-9.45	81610901				157035	0.19			20090210	123563894
200902	2454	聯發科	7932189	4982550	59.2	27.8	14138711	11489875	23.05	19247789	14.89	-23.73	92438017	12.7			5763728	3795490	51.86	11.89	10914895	9128223	19.57	14816368	8.83	-21.66	69802212	-6.42	81610901				157035	0.19			20090310	123563993
200903	2454	聯發科	9594975	7755708	23.72	20.96	23906032	19377922	23.37	23906032	23.37	16.64	94277284	12.16			6819572	6113305	11.55	18.32	17732466	15241528	16.34	17732466	16.34	15.49	70508479	-5.97	89424056				157035	0.18			20090410	123564078
200904	2454	聯發科	9788971	8332888	17.47	2.02	33520657	27578472	21.55	27316135	29.64	55.99	95733367	10.98			6757251	6599612	2.39	-0.91	24489717	21841140	12.13	19340551	17.16	41.46	70666118	-6.38	89424056				157035	0.18			20090511	123564154
200905	2454	聯發科	9359053	7009288	33.52	-4.39	42879711	34587760	23.97	28742999	24.44	49.33	98083132	12.42			6316058	5078517	24.37	-6.53	30805775	26919657	14.44	19892881	11.81	34.26	71903659	-3.73	89424056				157035	0.18			20090610	123380115
200906	2454	聯發科	8939909	6816718	31.15	-4.48	52055112	41696200	24.84	28087933	26.76	17.49	100206323	13.8			5745097	4865411	18.08	-9.04	36550872	31785068	14.99	18818406	13.75	6.11	72783345	-1.48	88601168				157035	0.18			20090710	123564333
200907	2454	聯發科	10797709	8585156	25.77	20.78	62617329	49989634	25.26	29096671	29.83	6.52	102418876	14.17			7274257	6482068	12.22	26.62	43825129	38267137	14.52	19335412	17.71	-0.03	73575534	-0.54	88601168				157035	0.18			20090810	123380285
200908	2454	聯發科	12156113	9453951	28.58	12.58	74773442	59443584	25.79	31893731	28.31	10.96	105121038	17.48			8515699	6933526	22.82	17.07	52340828	45200663	15.8	21535053	17.8	8.26	75157707	4.55	88601168				157035	0.18			20090910	123380394
200909	2454	聯發科	11382100	9849613	15.56	-6.37	86411648	69748536	23.89	34335922	23.12	22.24	106653525	19.26			7257690	7461350	-2.73	-14.77	59598520	52662012	13.17	23047646	10.4	22.47	74954047	6.59	100216024				157035	0.16			20091012	123380504
200910	2454	聯發科	9637155	9191287	4.85	-15.33	95792696	78484484	22.05	33175368	16.43	14.02	107099393	18.4			5883385	6832486	-13.89	-18.94	65481903	59494499	10.06	21656774	2.02	12.01	74004946	5.91	100216024				157035	0.16			20091110	123380619
200911	2454	聯發科	10113563	6195619	63.24	4.94	105906258	84680104	25.07	31132818	23.36	-2.39	111017337	23.43			6257126	4619569	35.45	6.35	71739030	64114068	11.89	19398201	2.56	-9.92	75642503	10.27	100216024				157035	0.16			20091210	123380734
200912	2454	聯發科	9359706	5109079	83.2	-7.45	115511625	90402041	27.78	29110424	42.03	-15.22	115511625	27.78			5571722	3901474	42.81	-10.95	77310752	68015543	13.67	17712233	15.36	-23.15	77310752	13.67	108869485				153669	0.14			20100111	123380830
201001	2454	聯發科	13581696	6206521	118.83	45.11	13581696	6206521	118.83	33054965	88.76	-0.36	122643139	37.05			9042190	5151166	75.54	62.29	9042190	5151166	75.54	20871038	52.65	-3.63	81203775	19.71	108869485			-381	153288	0.14			20100210	123380888
201002	2454	聯發科	7878707	7932189	-0.67	-41.99	21460404	14138711	51.78	30820109	60.12	-1	122589657	32.62			4563992	5763729	-20.82	-49.53	13606181	10914895	24.66	19177904	29.44	-1.14	80004039	14.62	108869485			-456	152832	0.14			20100310	123381010
201003	2454	聯發科	11216144	9594975	16.9	42.36	32706951	23906031	36.81	32706951	36.81	12.35	124210826	31.75			6578483	6817572	-3.51	44.14	20184664	17732466	13.83	20184664	13.83	13.96	79762950	13.13	119678110			-1352	151480	0.13			20100412	123565145
201004	2454	聯發科	12055567	9788971	23.15	7.48	44732114	33520657	33.45	31150418	14.04	-5.76	126477422	32.11			8004184	6757251	18.45	21.67	28188848	24489717	15.1	19146659	-0.99	-8.26	81009883	14.64	119678110			-1801	149679	0.13			20100510	123381241
201005	2454	聯發科	9868211	9359053	5.44	-18.14	54600325	42879711	27.33	33139922	15.3	7.53	126986580	29.47			6149400	6316058	-2.64	-23.17	34338249	30805775	11.47	20732067	4.23	8.1	80843225	12.44	119678110	0	0	-23450	126229	0.11			20100618	123381370
201006	2454	聯發科	8049132	8939909	-9.96	-18.43	62661269	52055114	20.37	29972910	6.71	-8.36	126095803	25.84			4830957	5745097	-15.91	-21.44	39169205	36550872	7.16	18984541	0.88	-5.95	79929085	9.82	104591879	0	0	845	127074	0.12			20100707	123381499
201007	2454	聯發科	8241947	10797709	-23.67	2.4	70891404	62617329	13.21	26159290	-10.1	-16.02	123540041	20.62			5204480	7274257	-28.45	7.73	44373686	43825129	1.25	16184837	-16.29	-15.47	77859308	5.83	104591879	0	0	-34	127040	0.12			20100806	123381632
201008	2454	聯發科	10037502	12156113	-17.43	21.79	80928906	74773442	8.23	26328581	-17.45	-20.55	121421430	15.51			6628098	8515699	-22.17	27.35	51001784	52340828	-2.56	16663535	-22.62	-19.62	75971707	1.09	104591879	0	0	-341	126699	0.12			20100907	123381764
201009	2454	聯發科	9854823	11382100	-13.42	-1.82	90842135	86411651	5.13	28134272	-18.06	-6.13	119894153	12.41			6442404	7257690	-11.23	-2.8	57444187	59598518	-3.61	18274982	-20.71	-3.74	75156421	0.27	110855618	0	0	6225	132924	0.12			20101007	123381898
201010	2454	聯發科	7375142	9637155	-23.47	-25.16	98158871	95792696	2.47	27267467	-17.81	4.24	117632140	9.83			4671391	5883385	-20.6	-27.49	62115578	65481903	-5.14	17741893	-18.08	9.62	73944427	-0.08	110855618	0	0	-1752	131172	0.12			20101105	123382035
201011	2454	聯發科	7361060	10113563	-27.22	-0.19	105519931	105906258	-0.36	24591025	-21.01	-6.6	114879637	3.48			4576274	6257126	-26.86	-2.04	66691852	71739030	-7.04	15690069	-19.12	-5.84	72263575	-4.46	110855618	0	0	-532	130640	0.12			20101207	123382172
201012	2454	聯發科	7942657	9359706	-15.14	7.9	113521958	115511625	-1.72	22678859	-22.09	-19.39	113521958	-1.72			5296578	5571722	-4.94	15.74	71988430	77310752	-6.88	14544243	-17.89	-20.41	71988430	-6.88	111713110	0	0	-8999	121641	0.11			20110107	123382288
201101	2454	聯發科	7528032	13581696	-44.57	-5.22	7528032	13581696	-44.57	22831749	-30.93	-16.27	107408924	-12.42			4779612	9042190	-47.14	-9.76	4779612	9042190	-47.14	14652464	-29.8	-17.41	67725853	-16.6	111713110	0	0	-3610	118031	0.11			20110210	123382359
201102	2454	聯發科	4532787	7878707	-42.47	-39.79	12060819	21460404	-43.8	20003476	-35.1	-18.66	104063004	-15.11			2735915	4563992	-40.05	-42.76	7515527	13606181	-44.76	12812105	-33.19	-18.34	65897776	-17.63	111713110	0	0	2290	120321	0.11			20110307	123382503
201103	2454	聯發科	7806076	11216144	-30.4	72.21	19867087	32706951	-39.26	19867087	-39.26	-12.4	100652936	-18.97			4761251	6578483	-27.62	74.03	12275620	20184664	-39.18	12275620	-39.18	-15.59	64080544	-19.66	115467954	0	0	-1722	118599	0.1			20110408	123382641
201104	2454	聯發科	7622398	12055567	-36.77	-2.35	27489293	44732114	-38.55	19961261	-35.92	-12.57	96219767	-23.92			4698646	8004184	-41.3	-1.31	16975424	28188848	-39.78	12195812	-36.3	-16.77	60775006	-24.98	115467954	0	0	-1577	117022	0.1			20110506	123382771
201105	2454	聯發科	6591752	9868211	-33.2	-13.52	34081045	54600325	-37.58	22020226	-33.55	10.08	92943308	-26.81			3758750	6149400	-38.88	-20	20734173	34338249	-39.62	13218647	-36.24	3.17	58384356	-27.78	115467954	0	0	-10233	106789	0.09			20110608	123382918
201106	2454	聯發科	6742139	8049132	-16.24	2.28	40848977	62661269	-34.81	20956289	-30.08	5.48	91636315	-27.33			3976841	4830957	-17.68	5.8	24709858	39169205	-36.92	12434237	-34.5	1.29	57530240	-28.02	95896163	0	0	34399467	34506256	35.98			20110707	123566810
201107	2454	聯發科	7141829	8241947	-13.35	5.93	47965012	70891404	-32.34	20475720	-21.73	2.58	90536197	-26.72			4647350	5204480	-10.7	16.86	29358365	44373686	-33.84	12382941	-23.49	1.53	56973110	-26.83	95896163	0	0	881	34507137	35.98			20110805	121200415
201108	2454	聯發科	8308170	10037502	-17.23	16.33	56273182	80928906	-30.47	22192138	-15.71	0.78	88806865	-26.86			5314982	6628098	-19.81	14.37	34673347	51001784	-32.02	13939173	-16.35	5.45	55659994	-26.74	95896163	0	0	-10399762	24107375	25.14			20110907	121178615
201109	2454	聯發科	7925742	9854823	-19.57	-4.6	64224717	90842135	-29.3	23375741	-16.91	11.55	86877784	-27.54			5194291	6442404	-19.37	-2.27	39866481	57444187	-30.6	15156623	-17.06	21.89	54411881	-27.6	100459882	0	0	4123	24111498	24			20111007	121145461
201110	2454	聯發科	7532159	7375142	2.13	-4.97	71731083	98158871	-26.92	23766071	-12.84	16.07	87034801	-26.01			4858027	4671391	4	-6.47	44725665	62115578	-28	15367300	-13.38	24.1	54598517	-26.16	100459882	0	0	-1026	24110472	24			20111107	121140676
201111	2454	聯發科	7629519	7361060	3.65	1.29	79360602	105519931	-24.79	23087420	-6.11	4.03	87303260	-24			4528282	4576274	-1.05	-6.79	49253947	66691852	-26.15	14580600	-7.07	4.6	54550525	-24.51	100459882	0	0	889	24111361	24			20111207	121103870
201112	2454	聯發科	7462687	7942657	-6.04	-2.19	86857494	113521958	-23.49	22624365	-0.24	-3.21	86857494	-23.49			4589576	5296578	-13.35	1.35	53842366	71988430	-25.21	13975885	-3.91	-7.79	53842366	-25.21	116278016	0	0	59316	24170677	20.79			20120106	123567583
201201	2454	聯發科	5157714	7528032	-31.49	-30.89	5157714	7528032	-31.49	20249920	-11.31	-14.79	84452972	-21.37			2919283	4779612	-38.92	-36.39	2919283	4779612	-38.92	12037141	-17.85	-21.67	51983194	-23.24	116278016	0	0	-3363	24167314	20.78			20120206	93531919
201202	2454	聯發科	6229652	4532787	37.44	20.78	11387366	12060819	-5.58	18850053	-5.77	-18.35	86149837	-17.21			3524703	2735915	28.83	20.74	6443986	7515527	-14.26	11033562	-13.88	-24.33	52771982	-19.92	116278016	0	0	-869	24166445	20.78			20120306	93532411
201203	2454	聯發科	8227923	7806076	5.4	32.08	19615289	19867087	-1.27	19615289	-1.27	-13.3	86571684	-13.99			5017926	4761251	5.39	42.36	11461912	12275620	-6.64	11461912	-6.64	-17.99	53028657	-17.25	117719358	0	0	788	24167233	20.53			20120409	93533138
201204	2454	聯發科	7941939	7622398	4.2	-3.48	27557228	27489293	0.25	22399514	12.21	10.62	86891225	-9.7			4768228	4698646	1.48	-4.98	16230140	16975424	-4.39	13310857	9.14	10.58	53098239	-12.63	117719358	0	0	-1363	24165870	20.53			20120508	123568069
201205	2454	聯發科	7652735	6591752	16.1	-3.64	35209962	34081045	3.31	23822597	8.19	26.38	87952208	-5.37			4528036	3758750	20.47	-5.04	20758176	20734173	0.12	14314190	8.29	29.73	53867525	-7.74	117719358	0	0	-8020	24157850	20.52			20120607	123568215
201206	2454	聯發科	7845260	6742139	16.36	2.52	43055222	40848977	5.4	23439934	11.86	19.5	89055329	-2.82			4971679	3976841	25.02	9.8	25729855	24709858	4.13	14267943	14.75	24.48	54862363	-4.64	111635797	0	0	695	24158545	21.64			20120706	123385044
201207	2454	聯發科	9246070	7141829	29.46	17.86	52301292	47965012	9.04	24744065	20.85	10.46	91159570	0.69			5936202	4647350	27.73	19.4	31666057	29358365	7.86	15435917	24.65	15.96	56151215	-1.44	111635797	0	0	548	24159093	21.64			20120807	123385210
201208	2454	聯發科	9217155	8308170	10.94	-0.31	61518448	56273182	9.32	26308485	18.55	10.43	92068555	3.67			6043974	5314982	13.72	1.82	37710031	34673347	8.76	16951855	21.61	18.43	56880207	2.19	111635797	0	0	83	24159176	21.64			20120907	123385377
201209	2454	聯發科	11007703	7925742	38.89	19.43	72526151	64224717	12.93	29470928	26.07	25.73	95150516	9.52			7540328	5194291	45.17	24.76	45250358	39866481	13.5	19520504	28.79	36.81	59226244	8.85	172818167	0	0	-2828	24156348	13.98			20121005	123568821
201210	2454	聯發科	10498124	7532159	39.38	-4.63	83024275	71731083	15.74	30722982	29.27	24.16	98116481	12.73			7431204	4858027	52.97	-1.45	52681562	44725665	17.79	21015506	36.75	36.15	61799421	13.19	172818167	0	0	-494	24155854	13.98			20121107	123385719
201211	2454	聯發科	8653980	7629519	13.43	-17.57	91678255	79360602	15.52	30159807	30.63	14.64	99140942	13.56			5904465	4528282	30.39	-20.54	58586028	49253947	18.95	20875997	43.18	23.15	63175604	15.81	172818167	0	0	0	0	0			20121207	123385894
201212	2454	聯發科	7582668	7462687	1.61	-12.38	99263160	86857494	14.28	26734772	18.17	-9.28	99263160	14.28			4888001	4589576	6.5	-17.22	63474029	53842366	17.89	18223670	30.39	-6.64	63474029	17.89	175739904	0	0	-7560	24147336	13.74	0	0	20130108	123386045
201301	2454	聯發科	8452573	5157714	63.88	11.47	8452573	5157714	63.88	24689221	21.92	-19.64	102555782	21.44			8452573	5157714	63.88	72.92	8452573	5157714	63.88	19245039	59.88	-8.42	69007319	32.75	175739904	0	0	1616	24148952	13.74			20130207	123386134
201302	2454	聯發科	6092037	6229652	-2.21	-27.93	14544610	11387366	27.73	22127278	17.39	-26.63	102418167	18.88			6092037	6229652	-2.21	-27.93	14544610	11387366	27.73	19432611	76.12	-6.91	71574653	35.63	175739904	0	0	-527	24148425	13.74			20130307	123386305
201303	2454	聯發科	9429723	8227923	14.61	54.79	23974209	19615289	22.22	23974209	22.22	-10.33	103619967	19.69			9429723	8227923	14.61	54.79	23974209	19615289	22.22	23974209	22.22	31.56	75986450	43.29	182437692	0	0	925	24149350	13.24			20130409	123400071
201304	2454	聯發科	12571855	7942908	58.28	33.32	36546188	27557228	32.62	28093615	25.42	13.79	108249883	24.58			12571855	7942908	58.28	33.32	36546188	27557228	32.62	28093615	111.06	45.98	83790077	57.8	182437692	0	0	-759	24148591	13.24			20130508	122333445
201305	2454	聯發科	10931095	7652735	42.84	-13.05	47477283	35209962	34.84	32932673	38.24	48.83	111528243	26.81			10931095	7652735	42.84	-13.05	47477283	35209962	34.84	32932673	130.07	69.47	90193136	67.44	182437692	0	0	-8634	24139957	13.23			20130607	125532538
201306	2454	聯發科	9772993	7845260	24.57	-10.59	57250252	43055222	32.97	33275943	41.96	38.8	113455976	27.4			9772993	7845260	24.57	-10.59	57250252	43055222	32.97	33275943	133.22	38.8	94994450	73.15	178314988	0	0	298	24140255	13.54			20130705	125532539
201307	2454	聯發科	13218257	9246070	42.96	35.25	70468533	52301292	34.74	33922345	37.09	20.75	117428163	28.82			13218257	9246070	42.96	35.25	70468533	52301292	34.74	33922345	119.76	20.75	102276505	82.14	178314988	0	0	-6	24140249	13.54			20130807	125532540
201308	2454	聯發科	12747998	9217155	38.31	-3.56	83216531	61518448	35.27	35739248	35.85	8.52	120959006	31.38			12747998	9217155	38.31	-3.56	83216531	61518448	35.27	35739248	110.83	8.52	108980529	91.6	178314988	0	0	-135	24140114	13.54			20130906	125532540
201309	2454	聯發科	13041509	11007703	18.48	2.3	96258040	72526151	32.72	39007764	32.36	17.23	122992812	29.26			13041509	11007703	18.48	2.3	96258040	72526151	32.72	39007764	99.83	17.23	114481710	93.3	185056690	0	0	-347	24139767	13.04			20131007	125532541
201310	2454	聯發科	13887691	10498124	32.29	6.49	110145731	83024275	32.67	39677198	29.15	16.96	126382379	28.81			13887691	10498124	32.29	6.49	110145731	83024275	32.67	39677198	88.8	16.96	120938197	95.69	185056690	0	0	-1248	24138519	13.04			20131107	125532541
201311	2454	聯發科	12822202	8653980	48.17	-7.67	122967933	91678255	34.13	39751402	31.8	11.23	130550601	31.68			12822202	8653980	48.17	-7.67	122967933	91678255	34.13	39751402	90.42	11.23	127855934	102.38	185056690	0	0	1594	24140113	13.04			20131206	125532542
201312	2454	聯發科	13088021	7582668	72.6	2.07	136055954	99263160	37.07	39797914	48.86	2.03	136055954	37.07			13088021	7582668	72.6	2.07	136055954	99263160	37.07	39797914	118.39	2.03	136055954	37.07	195315206	0	0	-6928	24133185	12.36			20140108	125532542
201401	2454	聯發科	12843836	8452573	51.95	-1.87	12843836	8452573	51.95	38754059	56.97	-2.33	140447217	36.95			12843836	8452573	51.95	-1.87	12843836	8452573	51.95	38754059	101.37	-2.33	140447217	103.53	195315206	0	0	1680	24134865	12.36			20140210	125532543
201402	2454	聯發科	15731675	6092037	158.23	22.48	28575511	14544610	96.47	41663532	88.29	4.81	150086855	46.54			15731675	6092037	158.23	22.48	28575511	14544610	96.47	41663532	114.4	4.81	150086855	109.69	195315206	0	0	423	24135288	12.36			20140307	125532543
201403	2454	聯發科	17429491	9429723	84.84	10.79	46005002	23974209	91.89	46005002	91.89	15.6	158086623	52.56			17429491	9429723	84.84	10.79	46005002	23974209	91.89	46005002	91.89	15.6	158086623	108.05	228338337	0	0	551	24135839	10.57			20140408	125532544
201404	2454	聯發科	19096972	12571855	51.9	9.57	65101974	36546188	78.14	52258138	86.01	34.85	164611740	52.07			19096972	12571855	51.9	9.57	65101974	36546188	78.14	52258138	86.01	34.85	164611740	96.46	228338337	0	0	8999232	33135071	14.51			20140508	125532544
201405	2454	聯發科	19329908	10931095	76.83	1.22	84431881	47477283	77.84	55856371	69.61	34.07	173010553	55.13			19329908	10931095	76.83	1.22	84431881	47477283	77.84	55856371	69.61	34.07	173010553	91.82	228338337	0	0	-11428	33123643	14.51			20140609	125670348
201406	2454	聯發科	15706168	9772993	60.71	-18.75	100138049	57250252	74.91	54133048	62.68	17.67	178943728	57.72			15706168	9772993	60.71	-18.75	100138049	57250252	74.91	54133048	62.68	17.67	178943728	88.37	214280344	0	0	28	33123671	15.46			20140707	134332407
201407	2454	聯發科	19270385	13218257	45.79	22.69	119408435	70468533	69.45	54306461	60.09	3.92	184995856	57.54			19270385	13218257	45.79	22.69	119408435	70468533	69.45	54306461	60.09	3.92	184995856	80.88	214280344	0	0	-67216	33056455	15.43			20140807	134332411
201408	2454	聯發科	19656145	12747998	54.19	2	139064580	83216531	67.11	54632698	52.86	-2.19	191904003	58.65			19656145	12747998	54.19	2	139064580	83216531	67.11	54632698	52.86	-2.19	191904003	76.09	214280344	0	0	-612	33055843	15.43			20140905	134866678
201409	2454	聯發科	18545617	13041509	42.2	-5.65	157610197	96258040	63.74	57472147	47.34	6.17	197408111	60.5			18545617	13041509	42.2	-5.65	157610197	96258040	63.74	57472147	47.34	6.17	197408111	72.44	230850401	0	0	217	33056060	14.32			20141007	143236872
201410	2454	聯發科	21604369	13887691	55.56	16.49	179214566	110145731	62.71	59806131	50.73	10.13	205124789	62.3			21604369	13887691	55.56	16.49	179214566	110145731	62.71	59806131	50.73	10.13	205124789	69.61	230850401	0	0	-291	33055769	14.32			20141107	143432346
201411	2454	聯發科	16773480	12822202	30.82	-22.36	195988046	122967933	59.38	56923466	43.2	4.19	209076067	60.15			16773480	12822202	30.82	-22.36	195988046	122967933	59.38	56923466	43.2	4.19	209076067	63.52	230850401	0	0	422	33056191	14.32			20141205	143970182
201412	2454	聯發科	17074870	13088021	30.46	1.8	213062916	136055954	56.6	55452719	39.34	-3.51	213062916	56.6			17074870	13088021	30.46	1.8	213062916	136055954	56.6	55452719	39.34	-3.51	213062916	56.6	247168148	0	0	1109	33057300	13.37			20150109	155931295
201501	2454	聯發科	17463667	12843836	35.97	2.28	17463667	12843836	35.97	51312017	32.4	-14.2	217682747	54.99			17463667	12843836	35.97	2.28	17463667	12843836	35.97	51312017	32.4	-14.2	217682747	54.99	247168148	0	0	-10482	33046818	13.37			20150206	155931297
201502	2454	聯發科	9671259	15731675	-38.52	-44.62	27134926	28575511	-5.04	44209796	6.11	-22.33	211622331	41			9671259	15731675	-38.52	-44.62	27134926	28575511	-5.04	44209796	6.11	-22.33	211622331	41	247168148	0	0	584	33047402	13.37			20150306	155931298
201503	2454	聯發科	20401294	17429491	17.05	110.95	47536221	46005002	3.33	47536221	3.33	-14.28	214594134	35.74			20401294	17429491	17.05	110.95	47536221	46005002	3.33	47536221	3.33	-14.28	214594134	35.74	253142264	0	0	-1236	33046166	13.05			20150409	161632472
201504	2454	聯發科	15113621	19096972	-20.86	-25.92	62649841	65101974	-3.77	45186174	-13.53	-11.94	210610783	27.94			15113621	19096972	-20.86	-25.92	62649841	65101974	-3.77	45186174	-13.53	-11.94	210610783	27.94	253142264	0	0	-43	33046123	13.05			20150508	161632476
201505	2454	聯發科	15314278	19329908	-20.77	1.33	77964119	84431881	-7.66	50829193	-9	14.97	206595153	19.41			15314278	19329908	-20.77	1.33	77964119	84431881	-7.66	50829193	-9	14.97	206595153	19.41	253142264	0	0	75	33046198	13.05			20150605	162166725
201506	2454	聯發科	16616158	15706168	5.79	8.5	94580277	100138049	-5.55	47044057	-13.1	-1.04	207505143	15.96			16616158	15706168	5.79	8.5	94580277	100138049	-5.55	47044057	-13.1	-1.04	207505143	15.96	224582201	0	0	1027	33047225	14.71			20150707	171032480
201507	2454	聯發科	17912254	19270385	-7.05	7.8	112492531	119408435	-5.79	49842690	-8.22	10.31	206147012	11.43			17912254	19270385	-7.05	7.8	112492531	119408435	-5.79	49842690	-8.22	10.31	206147012	11.43	224582201	0	0	770	33047995	14.72			20150807	171032485
201508	2454	聯發科	19009152	19656145	-3.29	6.12	131501683	139064580	-5.44	53537564	-2	5.33	205500019	7.08			19009152	19656145	-3.29	6.12	131501683	139064580	-5.44	53537564	-2	5.33	205500019	7.08	224582201	0	0	1204	33049199	14.72			20150907	171368520
201509	2454	聯發科	20040638	18545617	8.06	5.43	151542321	157610197	-3.85	56962044	-0.89	21.08	206995040	4.86			20040638	18545617	8.06	5.43	151542321	157610197	-3.85	56962044	-0.89	21.08	206995040	4.86	236163542	0	0	77	33049276	13.99			20151007	180132474
201510	2454	聯發科	22236948	21604369	2.93	10.96	173779269	179214566	-3.03	61286738	2.48	22.96	207627619	1.22			22236948	21604369	2.93	10.96	173779269	179214566	-3.03	61286738	2.48	22.96	207627619	1.22	236163542	0	0	62	33049338	13.99			20151106	180132478
201511	2454	聯發科	20955528	16773480	24.93	-5.76	194734797	195988046	-0.64	63233114	11.08	18.11	211809667	1.31			20955528	16773480	24.93	-5.76	194734797	195988046	-0.64	63233114	11.08	18.11	211809667	1.31	236163542	0	0	-637	33048701	13.99			20151207	180461342
201512	2454	聯發科	18520443	17074870	8.47	-11.62	213255240	213062916	0.09	61712919	11.29	8.34	213255240	0.09			18520443	17074870	8.47	-11.62	213255240	213062916	0.09	61712919	11.29	8.34	213255240	0.09	240427726	0	0	-238	33048463	13.75			20160108	192463227
201601	2454	聯發科	21325720	17463667	22.11	15.15	21325720	17463667	22.11	60801691	18.49	-0.79	217117293	-0.26			21325720	17463667	22.11	15.15	21325720	17463667	22.11	60801691	18.49	-0.79	217117293	-0.26	240427726	0	0	-10267	33038196	13.74			20160205	192463234
201602	2454	聯發科	13242410	9671259	36.93	-37.9	34568130	27134926	27.39	53088573	20.08	-16.04	220688444	4.28			13242410	9671259	36.93	-37.9	34568130	27134926	27.39	53088573	20.08	-16.04	220688444	4.28	240427726	0	0	-788	33037408	13.74			20160307	192463247
201603	2454	聯發科	21337356	20401294	4.59	61.13	55905486	47536221	17.61	55905486	17.61	-9.41	221624506	3.28			21337356	20401294	4.59	61.13	55905486	47536221	17.61	55905486	17.61	-9.41	221624506	3.28	242982010	0	0	-557	33036851	13.6			20160408	198364963
201604	2454	聯發科	23021602	15113621	52.32	7.89	78927088	62649841	25.98	57601368	27.48	-5.26	229532487	8.98			23021602	15113621	52.32	7.89	78927088	62649841	25.98	57601368	27.48	-5.26	229532487	8.98	242982010	0	0	453	33037304	13.6			20160506	198364970
201605	2454	聯發科	24636105	15314278	60.87	7.01	103563193	77964119	32.83	68995063	35.74	29.96	238854314	15.61			24636105	15314278	60.87	7.01	103563193	77964119	32.83	68995063	35.74	29.96	238854314	15.61	242982010	0	0	167	33037471	13.6			20160606	198563231
201606	2454	聯發科	24869604	16616158	49.67	0.95	128432797	94580277	35.79	72527311	54.17	29.73	247107760	19.09			24869604	16616158	49.67	0.95	128432797	94580277	35.79	72527311	54.17	29.73	247107760	19.09	222810774	0	0	0	33037471	14.83			20160707	207665249
201607	2454	聯發科	24818864	17912254	38.56	-0.2	153251661	112492531	36.23	74324573	49.12	29.03	254014370	23.22			24818864	17912254	38.56	-0.2	153251661	112492531	36.23	74324573	49.12	29.03	254014370	23.22	222810774	0	0	-3033	33034438	14.83			20160805	207665255
201608	2454	聯發科	25870296	19009152	36.09	4.24	179121957	131501683	36.21	75558764	41.13	9.51	260875514	26.95			25870296	19009152	36.09	4.24	179121957	131501683	36.21	75558764	41.13	9.51	260875514	26.95	222810774	0	0	-378	33034060	14.83			20160907	207861383
201609	2454	聯發科	27714331	20040638	38.29	7.13	206836288	151542321	36.49	78403491	37.64	8.1	268549207	29.74			27714331	20040638	38.29	7.13	206836288	151542321	36.49	78403491	37.64	8.1	268549207	29.74	228317898	0	0	-676	33033384	14.47			20161007	216761343
201610	2454	聯發科	23805366	22236948	7.05	-14.1	230641654	173779269	32.72	77389993	26.28	4.12	270117625	30.1			23805366	22236948	7.05	-14.1	230641654	173779269	32.72	77389993	26.28	4.12	270117625	30.1	228317898	0	0	-1054	33032330	14.47			20161107	216761349
201611	2454	聯發科	23516040	20955528	12.22	-1.22	254157694	194734797	30.51	75035737	18.67	-0.69	272678137	28.74			23516040	20955528	12.22	-1.22	254157694	194734797	30.51	75035737	18.67	-0.69	272678137	28.74	228317898	0	0	786	33033116	14.47			20161207	216956873
201612	2454	聯發科	21354019	18520443	15.3	-9.19	275511714	213255240	29.19	68675425	11.28	-12.41	275511714	29.19			21354019	18520443	15.3	-9.19	275511714	213255240	29.19	68675425	11.28	-12.41	275511714	29.19	244778910	0	0	105	33033221	13.5			20170109	229163304
201701	2454	聯發科	18313922	21325720	-14.12	-14.24	18313922	21325720	-14.12	63183981	3.92	-18.36	272499915	25.51			18313922	21325720	-14.12	-14.24	18313922	21325720	-14.12	63183981	3.92	-18.36	272499915	25.51	244778910	0	0	-528	33032693	13.49			20170208	229163318
201702	2454	聯發科	16950610	13242410	28	-7.44	35264532	34568130	2.01	56618551	6.65	-24.54	276208115	25.16			16950610	13242410	28	-7.44	35264532	34568130	2.01	56618551	6.65	-24.54	276208115	25.16	244778910	3000000	1.23	-1079	33031614	13.49			20170307	229163337
201703	2454	聯發科	20818189	21337356	-2.43	22.82	56082721	55905486	0.32	56082721	0.32	-18.34	275688948	24.39			20818189	21337356	-2.43	22.82	56082721	55905486	0.32	56082721	0.32	-18.34	275688948	24.39	252155477	0	0	-38	33031576	13.1			20170410	234875999
201704	2454	聯發科	17747750	23021602	-22.91	-14.75	73830471	78927088	-6.46	55516549	-3.62	-12.14	270415096	17.81			17747750	23021602	-22.91	-14.75	73830471	78927088	-6.46	55516549	-3.62	-12.14	270415096	17.81	252155477	0	0	551	33032127	13.1			20170508	234876006
201705	2454	聯發科	18437404	24636105	-25.16	3.89	92267875	103563193	-10.91	57003343	-17.38	0.68	264216395	10.62			18437404	24636105	-25.16	3.89	92267875	103563193	-10.91	57003343	-17.38	0.68	264216395	10.62	252155477	0	0	-225	33031902	13.1			20170606	235151574
201706	2454	聯發科	21893635	24869604	-11.97	18.75	114161510	128432797	-11.11	58078789	-19.92	3.56	261240426	5.72			21893635	24869604	-11.97	18.75	114161510	128432797	-11.11	58078789	-19.92	3.56	261240426	5.72	247323848	0	0	582	33032484	13.36			20170707	243552553
201707	2454	聯發科	18969298	24818864	-23.57	-13.36	133130808	153251661	-13.13	59300337	-20.21	6.82	255390860	0.54			18969298	24818864	-23.57	-13.36	133130808	153251661	-13.13	59300337	-20.21	6.82	255390860	0.54	247323848	0	0	97	33032581	13.36			20170807	244161367
201708	2454	聯發科	22495998	25870296	-13.04	18.59	155626805	179121957	-13.12	63358931	-16.15	11.15	252016562	-3.4			22495998	25870296	-13.04	18.59	155626805	179121957	-13.12	63358931	-16.15	11.15	252016562	-3.4	247323848	0	0	-505	33032076	13.36			20170907	244266738
201709	2454	聯發科	22186112	27714331	-19.95	-1.38	177812918	206836288	-14.03	63651408	-18.82	9.59	246488343	-8.21			22186112	27714331	-19.95	-1.38	177812918	206836288	-14.03	63651408	-18.82	9.59	246488343	-8.21	256442686	0	0	897	33032973	12.88			20171006	251137071
201710	2454	聯發科	21011596	23805366	-11.74	-5.29	198824514	230641654	-13.8	65693706	-15.11	10.78	243694573	-9.78			21011596	23805366	-11.74	-5.29	198824514	230641654	-13.8	65693706	-15.11	10.78	243694573	-9.78	256442686	0	0	-340	33032633	12.88			20171107	253261443
201711	2454	聯發科	20739411	23516040	-11.81	-1.3	219563925	254157694	-13.61	63937119	-14.79	0.91	240917944	-11.65			20739411	23516040	-11.81	-1.3	219563925	254157694	-13.61	63937119	-14.79	0.91	240917944	-11.65	256442686	0	0	231	33032864	12.88			20171207	253359598
201712	2454	聯發科	18652393	21354019	-12.65	-10.06	238216318	275511714	-13.54	60403400	-12.05	-5.1	238216318	-13.54			18652393	21354019	-12.65	-10.06	238216318	275511714	-13.54	60403400	-12.05	-5.1	238216318	-13.54	259811643	0	0	-196	33032668	12.71			20180108	265663556
201801	2454	聯發科	16835151	18313922	-8.07	-9.74	16835151	18313922	-8.07	56226955	-11.01	-14.41	236737547	-13.12			16835151	18313922	-8.07	-9.74	16835151	18313922	-8.07	56226955	-11.01	-14.41	236737547	-13.12	259811643	0	0	334	33033002	12.71			20180209	265663568
201802	2454	聯發科	12708432	16950610	-25.03	-24.51	29543583	35264532	-16.22	48195976	-14.88	-24.62	232495369	-15.83			12708432	16950610	-25.03	-24.51	29543583	35264532	-16.22	48195976	-14.88	-24.62	232495369	-15.83	259811643	0	0	-609	33032393	12.71			20180309	265663585
201803	2454	聯發科	20110404	20818189	-3.4	58.24	49653987	56082721	-11.46	49653987	-11.46	-17.8	231787584	-15.92			20110404	20818189	-3.4	58.24	49653987	56082721	-11.46	49653987	-11.46	-17.8	231787584	-15.92	272604832	0	0	290	33032683	12.12			20180410	271561470
201804	2454	聯發科	19014978	17747750	7.14	-5.45	68668965	73830471	-6.99	51833814	-6.63	-7.81	233054812	-13.82			19014978	17747750	7.14	-5.45	68668965	73830471	-6.99	51833814	-6.63	-7.81	233054812	-13.82	272604832	0	0	129	33032812	12.12			20180510	271561485
201805	2454	聯發科	20406052	18437404	10.68	7.32	89075017	92267875	-3.46	59531434	4.43	23.52	235023460	-11.05			20406052	18437404	10.68	7.32	89075017	92267875	-3.46	59531434	4.43	23.52	235023460	-11.05	272604832	0	0	-359	33032453	12.12			20180608	271561499
201806	2454	聯發科	21060302	21893635	-3.81	3.21	110135319	114161510	-3.53	60481332	4.14	21.81	234190127	-10.35			21060302	21893635	-3.81	3.21	110135319	114161510	-3.53	60481332	4.14	21.81	234190127	-10.35	258505643	0	0	409	33032862	12.78			20180710	280961496
201807	2454	聯發科	20423891	18969298	7.67	-3.02	130559210	133130808	-1.93	61890245	4.37	19.4	235644720	-7.73			20423891	18969298	7.67	-3.02	130559210	133130808	-1.93	61890245	4.37	19.4	235644720	-7.73	258505643	0	0	-20	33032842	12.78			20180810	280961503
201808	2454	聯發科	23502372	22495998	4.47	15.07	154061582	155626805	-1.01	64986565	2.57	9.16	236651094	-6.1			23502372	22495998	4.47	15.07	154061582	155626805	-1.01	64986565	2.57	9.16	236651094	-6.1	258505643	0	0	-15286	33017556	12.77			20180910	280963229
201809	2454	聯發科	23103883	22186112	4.13	-1.7	177165465	177812918	-0.36	67030146	5.31	10.83	237568865	-3.62			23103883	22186112	4.13	-1.7	177165465	177812918	-0.36	67030146	5.31	10.83	237568865	-3.62	270480928	0	0	-64	33017492	12.21			20181009	290061489
201810	2454	聯發科	20835525	21011596	-0.84	-9.82	198000990	198824514	-0.41	67441780	2.66	8.97	237392794	-2.59			20835525	21011596	-0.84	-9.82	198000990	198824514	-0.41	67441780	2.66	8.97	237392794	-2.59	270480928	0	0	94	33017586	12.21			20181109	290061503
201811	2454	聯發科	18669239	20739411	-9.98	-10.4	216670229	219563925	-1.32	62608647	-2.08	-3.66	235322622	-2.32			18669239	20739411	-9.98	-10.4	216670229	219563925	-1.32	62608647	-2.08	-3.66	235322622	-2.32	270480928	0	0	-77	33017509	12.21			20181210	290063300
201812	2454	聯發科	21387117	18652393	14.66	14.56	238057346	238216318	-0.07	60891881	0.81	-9.16	238057346	-0.07			21387117	18652393	14.66	14.56	238057346	238216318	-0.07	60891881	0.81	-9.16	238057346	-0.07	272946221	0	0	-64	33017445	12.1			20190110	301237725
201901	2454	聯發科	16242046	16835151	-3.52	-24.06	16242046	16835151	-3.52	56298402	0.13	-16.52	237464241	0.31			16242046	16835151	-3.52	-24.06	16242046	16835151	-3.52	56298402	0.13	-16.52	237464241	0.31	272946221	0	0	196	33017641	12.1			20190215	302161477
201902	2454	聯發科	14161182	12708432	11.43	-12.81	30403228	29543583	2.91	51790345	7.46	-17.28	238916991	2.76			14161182	12708432	11.43	-12.81	30403228	29543583	2.91	51790345	7.46	-17.28	238916991	2.76	272946221	0	0	104	33017745	12.1			20190308	302161482
201903	2454	聯發科	22318664	20110404	10.98	57.6	52721892	49653987	6.18	52721892	6.18	-13.42	241125251	4.03			22318664	20110404	10.98	57.6	52721892	49653987	6.18	52721892	6.18	-13.42	241125251	4.03	285894842	0	0	-94	33017651	11.55			20190410	305837988
201904	2454	聯發科	21553235	19014978	13.35	-3.43	74275128	68668965	8.16	58033081	11.96	3.08	243663508	4.55			21553235	19014978	13.35	-3.43	74275128	68668965	8.16	58033081	11.96	3.08	243663508	4.55	285894842	0	0	44	33017695	11.55			20190510	308262034
201905	2454	聯發科	19120819	20406052	-6.3	-11.29	93395946	89075017	4.85	62992718	5.81	21.63	242378275	3.13			19120819	20406052	-6.3	-11.29	93395946	89075017	4.85	62992718	5.81	21.63	242378275	3.13	285894842	0	0	179	33017874	11.55			20190610	308265020
201906	2454	聯發科	20893052	21060302	-0.79	9.27	114288998	110135319	3.77	61567106	1.8	16.78	242211025	3.42			20893052	21060302	-0.79	9.27	114288998	110135319	3.77	61567106	1.8	16.78	242211025	3.42	287028279	0	0	-268	33017606	11.5			20190710	315558687
201907	2454	聯發科	20687841	20423891	1.29	-0.98	134976839	130559210	3.38	60701712	-1.92	4.6	242474975	2.9			20687841	20423891	1.29	-0.98	134976839	130559210	3.38	60701712	-1.92	4.6	242474975	2.9	287028279	0	0	-281	33017325	11.5			20190812	317461508
201908	2454	聯發科	23043007	23502372	-1.95	11.38	158019846	154061582	2.57	64623900	-0.56	2.59	242015610	2.27			23043007	23502372	-1.95	11.38	158019846	154061582	2.57	64623900	-0.56	2.59	242015610	2.27	287028279	0	0	174	33017499	11.5			20190910	317462054
201909	2454	聯發科	23493506	23103883	1.69	1.96	181513352	177165465	2.45	67224354	0.29	9.19	242405233	2.04			23493506	23103883	1.69	1.96	181513352	177165465	2.45	67224354	0.29	9.19	242405233	2.04	311275102	0	0	-133	33017366	10.61			20191009	324337084
201910	2454	聯發科	22002624	20835525	5.6	-6.35	203515976	198000990	2.79	68539137	1.63	12.91	243572332	2.6			22002624	20835525	5.6	-6.35	203515976	198000990	2.79	68539137	1.63	12.91	243572332	2.6	311275102	0	0	26	33017392	10.61			20191108	326563222
201911	2454	聯發科	20616426	18669239	10.43	-6.3	224132402	216670229	3.44	66112556	5.6	2.3	245519519	4.33			20616426	18669239	10.43	-6.3	224132402	216670229	3.44	66112556	5.6	2.3	245519519	4.33	311275102	0	0	21	33017413	10.61			20191210	326563252
201912	2454	聯發科	22089329	21387117	3.28	7.14	246221731	238057346	3.43	64708379	6.27	-3.74	246221731	3.43			22089329	21387117	3.28	7.14	246221731	238057346	3.43	64708379	6.27	-3.74	246221731	3.43	311275102	0	0	-57	33017356	10.61			20200110	329665001
202001	2454	聯發科	19817777	16242046	22.02	-10.28	19817777	16242046	22.02	62523532	11.06	-8.78	249797462	5.19			19817777	16242046	22.02	-10.28	19817777	16242046	22.02	62523532	11.06	-8.78	249797462	5.19	311275102	0	0	56	33017412	10.61			20200210	332761327
202002	2454	聯發科	18220837	14161182	28.67	-8.06	38038614	30403228	25.11	60127943	16.1	-9.05	253857117	6.25			18220837	14161182	28.67	-8.06	38038614	30403228	25.11	60127943	16.1	-9.05	253857117	6.25	311275102	0	0	-158	33017254	10.61			20200310	335663440
